27 0.06436458333333334 0.3538961038961039 0.025437479799467574 0.1956837351802093
30 0.08854166666666667 0.3457792207792208 0.021875 0.17207792207792208
36 0.10546875 0.6753246753246753 0.021354166666666667 0.05194805194805195
36 0.10625 0.44642857142857145 0.020833333333333332 0.02922077922077922
24 0.12708333333333333 0.5827922077922078 0.023958333333333335 0.17207792207792208
24 0.12886458333333334 0.3472727272727273 0.02476036277859375 0.16695033901071427
8 0.15026041666666667 0.5876623376623377 0.019270833333333334 0.18181818181818182
8 0.15078125 0.3538961038961039 0.0171875 0.16883116883116883
1 0.16770833333333332 0.5909090909090909 0.0125 0.16233766233766234
1 0.16848958333333333 0.3555194805194805 0.013020833333333334 0.17207792207792208
8 0.18671875 0.5811688311688312 0.019270833333333334 0.17532467532467533
8 0.18723958333333332 0.35064935064935066 0.019078125 0.16714285714285715
36 0.20598958333333334 0.6785714285714286 0.022395833333333334 0.032467532467532464
36 0.20651041666666667 0.44642857142857145 0.0203125 0.03571428571428571
4 0.22161458333333334 0.5844155844155844 0.016145833333333335 0.16883116883116883
1 0.222875 0.349025974025974 0.013008070968749999 0.15905972892857143
2 0.24192708333333332 0.349025974025974 0.019270833333333334 0.1590909090909091
3 0.24192708333333332 0.5811688311688312 0.0171875 0.17532467532467533
36 0.26015625 0.6785714285714286 0.0203125 0.025974025974025976
36 0.2619375 0.4448051948051948 0.0214396875 0.03818571428571428
29 0.27734375 0.577922077922078 0.021354166666666667 0.18181818181818182
29 0.27838541666666666 0.3407792207792208 0.019902309362853525 0.16860298041658134
0 0.2981770833333333 0.349025974025974 0.0171875 0.16558441558441558
0 0.2981770833333333 0.5844155844155844 0.018229166666666668 0.17532467532467533
0 0.315625 0.3522727272727273 0.014583333333333334 0.17207792207792208
0 0.31666666666666665 0.5844155844155844 0.016666666666666666 0.16883116883116883
8 0.3341145833333333 0.349025974025974 0.016145833333333335 0.16558441558441558
9 0.334375 0.5795454545454546 0.017708333333333333 0.17207792207792208
3 0.35234375 0.35064935064935066 0.016145833333333335 0.16883116883116883
7 0.35234375 0.5746753246753247 0.016145833333333335 0.16883116883116883
12 0.37395833333333334 0.349025974025974 0.020833333333333332 0.18506493506493507
12 0.37395833333333334 0.5714285714285714 0.021875 0.16233766233766234
36 0.3927083333333333 0.43506493506493504 0.017708333333333333 0.032467532467532464
36 0.3932291666666667 0.663961038961039 0.020833333333333332 0.04220779220779221
24 0.4140625 0.3409090909090909 0.025 0.17532467532467533
24 0.4171875 0.5633116883116883 0.025 0.17207792207792208
8 0.43802083333333336 0.3425324675324675 0.01875 0.17207792207792208
8 0.4390625 0.5698051948051948 0.019791666666666666 0.17207792207792208
1 0.45546875 0.3409090909090909 0.011979166666666667 0.16883116883116883
1 0.45598958333333334 0.573051948051948 0.011979166666666667 0.1590909090909091
8 0.4734375 0.33766233766233766 0.017708333333333333 0.16883116883116883
8 0.475 0.573051948051948 0.019791666666666666 0.17207792207792208
36 0.49166666666666664 0.43344155844155846 0.01875 0.02922077922077922
36 0.4942708333333333 0.6655844155844156 0.016666666666666666 0.032467532467532464
2 0.509375 0.336038961038961 0.016666666666666666 0.16558441558441558
5 0.5109375 0.564935064935065 0.01875 0.16233766233766234
3 0.5283854166666667 0.3409090909090909 0.018229166666666668 0.17532467532467533
4 0.5309895833333333 0.5616883116883117 0.0171875 0.15584415584415584
36 0.5471354166666667 0.43344155844155846 0.019270833333333334 0.03571428571428571
36 0.5473958333333333 0.6607142857142857 0.01875 0.02922077922077922
29 0.5645833333333333 0.33766233766233766 0.01875 0.17532467532467533
25 0.5671875 0.5665584415584416 0.01875 0.17207792207792208
0 0.58515625 0.34415584415584416 0.0171875 0.17532467532467533
0 0.5890625 0.5665584415584416 0.01875 0.17207792207792208
0 0.6033854166666667 0.3392857142857143 0.0171875 0.17207792207792208
4 0.60703125 0.5665584415584416 0.015104166666666667 0.16558441558441558
5 0.6223958333333334 0.3392857142857143 0.015625 0.17207792207792208
8 0.6252604166666667 0.5714285714285714 0.019270833333333334 0.17532467532467533
3 0.63984375 0.3409090909090909 0.0203125 0.17532467532467533
5 0.6442708333333333 0.5681818181818182 0.015625 0.17532467532467533
12 0.6625 0.3327922077922078 0.021875 0.17207792207792208
12 0.665625 0.5584415584415584 0.023958333333333335 0.17532467532467533
36 0.6807291666666667 0.4237012987012987 0.013541666666666667 0.03571428571428571
24 0.6994791666666667 0.32305194805194803 0.023958333333333335 0.16558441558441558
8 0.72265625 0.32954545454545453 0.0203125 0.16558441558441558
1 0.740625 0.336038961038961 0.013541666666666667 0.17207792207792208
8 0.7591145833333334 0.32954545454545453 0.019270833333333334 0.1590909090909091
36 0.77734375 0.42207792207792205 0.016145833333333335 0.03896103896103896
3 0.79453125 0.32792207792207795 0.019270833333333334 0.16883116883116883
3 0.8145833333333333 0.3262987012987013 0.01875 0.16558441558441558
36 0.8341145833333333 0.42857142857142855 0.016145833333333335 0.045454545454545456
29 0.8527395833333333 0.3246753246753247 0.0203125 0.16883116883116883
0 0.87109375 0.3344155844155844 0.018229166666666668 0.16883116883116883
0 0.890625 0.3327922077922078 0.01875 0.1590909090909091
1 0.9067708333333333 0.32954545454545453 0.013541666666666667 0.1590909090909091
4 0.9260416666666667 0.336038961038961 0.016666666666666666 0.16558441558441558
12 0.9481770833333333 0.3262987012987013 0.0234375 0.17207792207792208
