27 0.06336458333333334 0.2938961038961038 0.025437479799467574 0.1956837351802093
30 0.08754166666666667 0.29077922077922075 0.02345296082734084 0.18449082357685564
36 0.10546875 0.6053246753246753 0.020719926562499998 0.05040514285714286
36 0.10725 0.38642857142857134 0.020833333333333332 0.02922077922077922
24 0.12686458333333334 0.29227272727272724 0.02476036277859375 0.16695033901071427
24 0.12708333333333333 0.5227922077922077 0.02419791666666667 0.1737987012987013
8 0.14878125 0.2988961038961038 0.0171875 0.16883116883116883
8 0.15026041666666667 0.5226623376623376 0.019270833333333334 0.18181818181818182
1 0.16648958333333333 0.29551948051948046 0.013020833333333334 0.17207792207792208
1 0.16770833333333332 0.5159090909090909 0.012625 0.16396103896103897
8 0.18523958333333332 0.3006493506493506 0.019078125 0.16714285714285715
8 0.18671875 0.5161688311688312 0.019270833333333334 0.17532467532467533
36 0.20451041666666667 0.39142857142857135 0.0203125 0.03571428571428571
36 0.20598958333333334 0.6085714285714285 0.022171875 0.03214285714285714
1 0.220875 0.29402597402597397 0.013008070968749999 0.15905972892857143
4 0.22261458333333334 0.5194155844155843 0.016801418911458334 0.17568639129870128
2 0.23992708333333332 0.29402597402597397 0.019463541666666667 0.16068181818181818
3 0.24192708333333332 0.5161688311688312 0.017532968750000003 0.1788487012987013
36 0.2609375 0.3848051948051947 0.02059487826814687 0.036681044781857144
36 0.26115625 0.6085714285714285 0.0203125 0.025974025974025976
29 0.27738541666666666 0.29077922077922075 0.019902309362853525 0.16860298041658134
29 0.27834375 0.5129220779220779 0.021354166666666667 0.18181818181818182
0 0.2971770833333333 0.29402597402597397 0.0171875 0.16558441558441558
0 0.2991770833333333 0.5144155844155843 0.018229166666666668 0.17532467532467533
0 0.315625 0.29227272727272724 0.015480502196264585 0.18266418175926302
0 0.31766666666666665 0.5144155844155843 0.016335000000000002 0.16547142857142857
8 0.3341145833333333 0.28902597402597396 0.016145833333333335 0.16558441558441558
9 0.335375 0.5145454545454545 0.017708333333333333 0.17207792207792208
3 0.35334375 0.2906493506493506 0.016470364583333334 0.1722246753246753
7 0.35334375 0.5146753246753246 0.016635068229166668 0.17394692207792206
12 0.37395833333333334 0.28902597402597396 0.021252083333333335 0.18878474025974026
12 0.37595833333333334 0.5114285714285713 0.023687490435614248 0.17578842623832475
36 0.3947083333333333 0.365064935064935 0.017708333333333333 0.032467532467532464
36 0.3952291666666667 0.5989610389610389 0.020833333333333332 0.04220779220779221
24 0.4170625 0.2659090909090908 0.025 0.17532467532467533
24 0.4171875 0.5133116883116883 0.0254948500150495 0.1754840325711199
8 0.44002083333333336 0.27253246753246746 0.01875 0.17207792207792208
8 0.4400625 0.5098051948051947 0.019791666666666666 0.17207792207792208
1 0.45698958333333334 0.503051948051948 0.012098958333333335 0.16068181818181818
1 0.45746875 0.2659090909090908 0.011979166666666667 0.16883116883116883
8 0.4754375 0.2626623376623376 0.018064270833333333 0.1722246753246753
8 0.476 0.503051948051948 0.019791666666666666 0.17207792207792208
36 0.4942708333333333 0.5955844155844155 0.01786713564286332 0.03480610839518829
36 0.49466666666666664 0.35844155844155834 0.01875 0.02922077922077922
2 0.512375 0.26603896103896096 0.01734340016666667 0.17230780685064934
5 0.5129375 0.5049350649350649 0.019126874999999998 0.16560064935064936
3 0.5313854166666667 0.2659090909090908 0.018229166666666668 0.17532467532467533
4 0.5319895833333333 0.5016883116883116 0.0171875 0.15584415584415584
36 0.5501354166666667 0.35844155844155834 0.019270833333333334 0.03571428571428571
36 0.5503958333333333 0.5957142857142856 0.019511325187499998 0.03040726003246753
29 0.5685 0.26136363636363635 0.020949453666666666 0.16816896487603308
25 0.5691875 0.5065584415584415 0.01931814375 0.17729205519480523
0 0.58815625 0.2641558441558441 0.0171875 0.17532467532467533
0 0.5900625 0.5015584415584415 0.01875 0.17207792207792208
0 0.6063854166666667 0.26428571428571423 0.0171875 0.17207792207792208
4 0.60803125 0.5015584415584415 0.015407760416666668 0.16891266233766233
5 0.6243958333333334 0.25928571428571423 0.016098453125 0.17729205519480523
8 0.6262604166666667 0.5014285714285713 0.019270833333333334 0.17532467532467533
3 0.64284375 0.2609090909090908 0.0203125 0.17532467532467533
5 0.6452708333333333 0.5031818181818182 0.01625943765625 0.1824435601948052
12 0.6655 0.25779220779220774 0.0223146875 0.17553668831168834
12 0.666625 0.49844155844155835 0.023958333333333335 0.17532467532467533
36 0.6827291666666667 0.37370129870129865 0.014232427761770836 0.03753607321785714
24 0.7054791666666667 0.278051948051948 0.023958333333333335 0.16558441558441558
8 0.72765625 0.2795454545454545 0.0203125 0.16558441558441558
1 0.744625 0.276038961038961 0.013541666666666667 0.17207792207792208
8 0.7641145833333334 0.2795454545454545 0.019270833333333334 0.1590909090909091
36 0.78234375 0.367077922077922 0.016145833333333335 0.03896103896103896
3 0.80153125 0.2779220779220779 0.019270833333333334 0.16883116883116883
3 0.8205833333333333 0.27629870129870127 0.01875 0.16558441558441558
36 0.8361145833333333 0.36357142857142843 0.015354526847343753 0.043226820449999995
29 0.8567395833333333 0.2696753246753246 0.0203125 0.16883116883116883
0 0.87709375 0.26941558441558433 0.018229166666666668 0.16883116883116883
0 0.894625 0.26779220779220775 0.018376874999999997 0.155925
1 0.9127708333333333 0.2695454545454545 0.013541666666666667 0.1590909090909091
4 0.9310416666666667 0.26603896103896096 0.016666666666666666 0.16558441558441558
12 0.9531770833333333 0.26629870129870126 0.0234375 0.17207792207792208
