27 0.03576797815544548 0.4283542581471951 0.02666095631089096 0.20509561306858373
30 0.06081092274767228 0.4298451544649019 0.023621845495344556 0.1858193411878683
36 0.07918039213127735 0.7673093868067328 0.020860784262554694 0.05074780587152995
36 0.08175101453030972 0.5282163370957172 0.021835362393952795 0.030626222578531176
24 0.10161783337652286 0.6708223722159978 0.025110666753045727 0.18035442185135037
24 0.1020798025292987 0.42942559156918103 0.02595127172526406 0.17498021539642666
8 0.12520302177386983 0.6741525490973659 0.020197710214406334 0.1905631627108608
8 0.1256737536541722 0.42718543153511157 0.01801417397501106 0.17695150823151354
1 0.14255361480536768 0.6762461495460406 0.013232229610735398 0.17184713780175842
1 0.14380271741477693 0.43388688834503 0.0136471014962205 0.18035442185135037
8 0.16270302177386986 0.6789754419291419 0.020197710214406334 0.18375733547118728
8 0.16364369988946448 0.42952648044556696 0.019995733112262284 0.17518199314919844
36 0.18193164221388214 0.7670057127407728 0.023238284427764266 0.033688844836384325
36 0.18299890583371867 0.5283934442639411 0.021289478334103988 0.0374320498182048
4 0.20069791666666667 0.6659677419354839 0.0171875 0.16774193548387098
1 0.20108769598090726 0.4317421405367356 0.013633725295147822 0.1667100875250841
3 0.22008396276928774 0.6693705902474016 0.018376258871908795 0.187450857914158
2 0.21965817699160853 0.4329147749422164 0.0203996873165504 0.16841019504572324
36 0.238769739167052 0.7702245577051536 0.021289478334103988 0.02722330895869441
36 0.24000105246399722 0.5274484601908287 0.02158543826132783 0.03844530747843177
29 0.25806562322690085 0.6662493232909142 0.02238124645380163 0.1905631627108608
29 0.25838811263128053 0.420614236790447 0.02085955859589438 0.17671234454863594
0 0.2788238043806877 0.6725238290259162 0.019105942094708703 0.18375733547118728
0 0.27931958698750553 0.42870978117680614 0.01801417397501106 0.17354859461167688
0 0.2971020021395919 0.6738118608024016 0.01712067094585052 0.17343017321770654
0 0.2983174782909145 0.4256610818934171 0.01746828991516225 0.18035442185135037
9 0.3160508623507633 0.6772739851192235 0.018560058034859887 0.18035442185135037
8 0.3163153695943234 0.4254839747251933 0.016922405855313436 0.17354859461167688
7 0.3354195362609901 0.6726693025028536 0.016922405855313436 0.17695150823151354
3 0.3352320362609901 0.4202499476641438 0.01760952339188664 0.184136449041261
12 0.35759489134659844 0.6662493232909142 0.024564782693196886 0.1905631627108608
12 0.3583886667098562 0.42055671146366197 0.025110666753045727 0.17014568099184005
36 0.3764258623507633 0.5266919874540227 0.018560058034859887 0.034029136198368
36 0.3782617323999654 0.7623456170449237 0.02014846479993087 0.0408202663479119
24 0.3992975524924003 0.6675673945469083 0.025678438318133906 0.17674769231962292
24 0.39960121743637167 0.42526576450978715 0.026202434872743357 0.18375733547118728
8 0.4233675797439454 0.42711269479664293 0.019651826154557524 0.18035442185135037
8 0.42391346380379424 0.6675965657643849 0.02074359427425515 0.18035442185135037
1 0.4416943333549281 0.6704681578795498 0.012555333376522863 0.16674276737200305
1 0.4422151666882614 0.4286370444383374 0.012555333376522863 0.17695150823151354
8 0.46084252901742995 0.4336370444383374 0.018560058034859887 0.17695150823151354
8 0.4614134638037942 0.664370759312772 0.02074359427425515 0.18035442185135037
36 0.4803112982839408 0.762691416849738 0.017997596567881573 0.035060253054314726
36 0.48070091307727875 0.5282163370957172 0.019651826154557524 0.030626222578531176
2 0.4982758116242478 0.42854849085422553 0.01746828991516225 0.17354859461167688
5 0.49931508059679874 0.6651699013640815 0.02004682786026412 0.1735656091797759
3 0.518407137714021 0.43381415160656134 0.019105942094708703 0.18375733547118728
4 0.5179445869875056 0.6687667010696315 0.01801417397501106 0.16333985375216634
36 0.5377030217738699 0.5283934442639411 0.020197710214406334 0.0374320498182048
36 0.5368290512167944 0.7578703688841538 0.020449769100255425 0.03186977002637212
29 0.5567009130772788 0.42913673225172266 0.019651826154557524 0.18375733547118728
25 0.5578408388747182 0.6620467249704158 0.019848344416103097 0.18215796606986392
0 0.5772362536541722 0.4370399580581743 0.01801417397501106 0.18375733547118728
0 0.579096746410612 0.661144952861159 0.019651826154557524 0.18035442185135037
0 0.5959862536541722 0.42856430769986875 0.01801417397501106 0.18035442185135037
4 0.5980194855344746 0.6627420392413222 0.015830637735615778 0.17354859461167688
5 0.6144382608977322 0.42711269479664293 0.016376521795464595 0.18035442185135037
8 0.6173905217738699 0.6660722161226904 0.020197710214406334 0.18375733547118728
3 0.6346030725003853 0.43381415160656134 0.021289478334103988 0.18375733547118728
5 0.6363132608977323 0.6628464096710774 0.016376521795464595 0.18375733547118728
12 0.6562552319234919 0.42888688834502997 0.022927130513650428 0.18035442185135037
12 0.6584303333765228 0.6628464096710774 0.025110666753045727 0.18375733547118728
36 0.6774990236057019 0.5146057198250343 0.014623047211403783 0.03856627835974621
24 0.6990136667098561 0.41903236182196746 0.025110666753045727 0.17354859461167688
8 0.722144739167052 0.41903236182196746 0.021289478334103988 0.17354859461167688
1 0.7404714927780347 0.41743527544180425 0.014192985556069326 0.18035442185135037
8 0.7600988551072032 0.41562944820213055 0.020197710214406334 0.16674276737200305
36 0.7786903695943234 0.510740062364182 0.016922405855313436 0.040834963438041584
3 0.7981196884405365 0.4189596250834987 0.020197710214406334 0.17695150823151354
3 0.8182009130772787 0.41903236182196746 0.019651826154557524 0.17354859461167688
36 0.83666953626099 0.510917169532406 0.016922405855313436 0.0476407906777152
29 0.8554780725003853 0.41428220572866 0.021289478334103988 0.17695150823151354
0 0.8757404710473543 0.4175080121802729 0.019105942094708703 0.17695150823151354
0 0.8952425797439454 0.4188552546537435 0.019651826154557524 0.16674276737200305
1 0.913867326111368 0.4077262223956789 0.014192985556069326 0.16674276737200305
4 0.9322133116242478 0.4108065553703546 0.01746828991516225 0.17354859461167688
12 0.9550323913465985 0.4095320496353526 0.024564782693196886 0.18035442185135037
