27 0.03776973323740965 0.4693836345204434 0.026581133141485955 0.20448155475517246
30 0.0628172273937001 0.4610081214890943 0.02355112145406688 0.18526299622494186
36 0.08071166343308862 0.8045187124377956 0.020798326866177243 0.050595866434032695
36 0.08132249355045938 0.5574750558889561 0.021769987100918757 0.03053452736232759
24 0.10314274258302829 0.7067903363388593 0.02503548516605658 0.1798144389114848
24 0.10564512001263066 0.4541112783252912 0.025873573358594634 0.1744563228843487
8 0.12621445236750825 0.7101261774793338 0.02013723806834985 0.18999261469892736
8 0.12825095301246234 0.4518472204608656 0.017960239358257978 0.17642171364900391
1 0.1450963060915784 0.7090429362542647 0.01319261218315677 0.1713326257552827
1 0.1459072876357038 0.4535435830921061 0.013606241938074226 0.1798144389114848
8 0.1652352857008416 0.7099802054636062 0.02013723806834985 0.18320716417396574
8 0.16673876617716651 0.4559651118926206 0.019935865687666362 0.17465749651251392
36 0.18450102105274305 0.8042615225168126 0.02316870877215279 0.03358798009856037
36 0.18609203537836455 0.5543742746579303 0.0212257374233958 0.0373199778872893
4 0.20181861903417492 0.7027716246522785 0.02013723806834985 0.17528350904481677
1 0.20419228622607388 0.4582353480590853 0.013592905785481122 0.16621095585843032
3 0.22113978675134616 0.7103279309700481 0.018321240169358974 0.18688962817386234
2 0.22375263855785 0.4525893502564522 0.020338610449033352 0.1679059732401771
36 0.24134203537836457 0.8025319400109624 0.0212257374233958 0.02714180209984678
36 0.24461457228848785 0.5483858801427614 0.021520811243642367 0.03833020184396415
29 0.2601154517225542 0.6988924112455677 0.02231423677844174 0.18999261469892736
29 0.2620027191012543 0.4419877369083943 0.02079710486917515 0.1761832660245809
0 0.28087853602331864 0.7052399457233465 0.01904873871330392 0.18320716417396574
0 0.28293845301246234 0.4501508578296253 0.017960239358257978 0.17302898838652322
0 0.29968053907637754 0.7065853309035646 0.01706941148608839 0.17291092154738888
0 0.3024579948403675 0.4470500765985995 0.017415989680735017 0.1798144389114848
9 0.3186272445178905 0.7050370895856125 0.018504489035780954 0.1798144389114848
8 0.32145670333493936 0.446904104582872 0.016871740003212055 0.17302898838652322
7 0.33751920333493934 0.7036004672141123 0.016871740003212055 0.17642171364900391
3 0.33989420333493936 0.4437952724089175 0.016871740003212055 0.17642171364900391
12 0.36016228441093345 0.6988924112455677 0.024491235488533592 0.18999261469892736
12 0.36251774258302827 0.4419609887048783 0.02503548516605658 0.16963626312404234
36 0.37956474451789046 0.5624181717669496 0.018504489035780954 0.03392725262480845
36 0.3813982367142352 0.80281655749897 0.020088140095137038 0.04069805006287505
24 0.40320782559388463 0.46147371195711273 0.02612398452110251 0.18320716417396574
24 0.4039049450753715 0.7034988643716047 0.025601556817409676 0.1762185079639886
8 0.4275048275287468 0.46653059607911906 0.019592988390826887 0.1798144389114848
8 0.4275282438729364 0.7035435830921061 0.020681487745872813 0.1798144389114848
1 0.44636303795818083 0.4648342334478786 0.01251774258302829 0.17642171364900391
1 0.44532137129151417 0.7032516390606507 0.01251774258302829 0.16624353786156132
8 0.46498141118455716 0.4648342334478786 0.018504489035780954 0.17642171364900391
8 0.46554907720626976 0.7002968298453528 0.020681487745872813 0.1798144389114848
36 0.4848381608620801 0.5607218091357092 0.019592988390826887 0.03053452736232759
36 0.48445102245869215 0.8031919268675821 0.01794371158405096 0.034955282306592755
2 0.5029371615070342 0.4594365721153396 0.017415989680735017 0.17302898838652322
5 0.5028892370620746 0.6991853136687555 0.019986807457482502 0.17304595201283546
3 0.5230660360233186 0.45998020546360624 0.01904873871330392 0.18320716417396574
4 0.5220842863457957 0.6965552764294104 0.017960239358257978 0.16285081259908055
36 0.5418811190341749 0.5608677811514369 0.02013723806834985 0.0373199778872893
36 0.5404859378103557 0.7951079550291257 0.020388542287377895 0.03177435161669284
29 0.5618798275287468 0.46023994572334653 0.019592988390826887 0.18320716417396574
25 0.5624986258040342 0.6947023955464038 0.019788918274735154 0.1816125833005997
0 0.5818967863457957 0.46498020546360624 0.017960239358257978 0.18320716417396574
0 0.5837548275287467 0.6970500765985995 0.019592988390826887 0.1798144389114848
0 0.601167619679129 0.46653059607911906 0.017960239358257978 0.1798144389114848
4 0.6026832869907498 0.6936573513361187 0.0157832406481661 0.17302898838652322
5 0.6196220784961779 0.4600370895856125 0.01632749032568907 0.1798144389114848
8 0.6220477857008415 0.7019931924765932 0.02013723806834985 0.18320716417396574
3 0.6403003687116978 0.461733452216853 0.0212257374233958 0.18320716417396574
5 0.6414970784961779 0.6987464392298399 0.01632749032568907 0.18320716417396574
12 0.6614292432279824 0.4600370895856125 0.022858486455964687 0.1798144389114848
12 0.6646010759163616 0.6987464392298399 0.02503548516605658 0.18320716417396574
36 0.6818937994976874 0.550199431242652 0.01457926566204141 0.038450810537252036
24 0.7041844092496949 0.4533976110763785 0.02503548516605658 0.17302898838652322
8 0.7283212020450311 0.4501508578296253 0.0212257374233958 0.17302898838652322
1 0.7471794124744653 0.4535435830921061 0.0141504916155972 0.1798144389114848
8 0.7657977857008416 0.4500048858138975 0.02013723806834985 0.16624353786156132
36 0.7838733700016061 0.546330377548911 0.016871740003212055 0.04071270314977014
3 0.8038186190341748 0.45509397370761884 0.02013723806834985 0.17642171364900391
3 0.82390066086208 0.4501508578296253 0.019592988390826887 0.17302898838652322
36 0.8424567033349394 0.5464763495646386 0.016871740003212055 0.04749815367473184
29 0.8612170353783646 0.4453537139673591 0.0212257374233958 0.17642171364900391
0 0.8809618693566519 0.44860046721411234 0.01904873871330392 0.17642171364900391
0 0.9004631608620801 0.4467581325671443 0.019592988390826887 0.16624353786156132
1 0.9200960791411319 0.4502646260736378 0.0141504916155972 0.16624353786156132
4 0.9384371615070343 0.446904104582872 0.017415989680735017 0.17302898838652322
12 0.9607664510776002 0.4405565701050931 0.024491235488533592 0.1798144389114848
