27 0.06271873989973378 0.393164448235266 0.025437479799467574 0.1956837351802093
30 0.08678975052083333 0.39509764050062846 0.022537834375 0.17729205519480523
36 0.10370173939171526 0.7242094895560257 0.019903478783430514 0.048418979112051425
36 0.10677083333333334 0.4952555509007122 0.020833333333333332 0.02922077922077922
24 0.125 0.6329744449099288 0.023958333333333335 0.17207792207792208
24 0.1269635147226302 0.3931525888601959 0.02476036277859375 0.16695033901071427
8 0.14765625000000002 0.6360703812316716 0.019270833333333334 0.18181818181818182
8 0.14869791666666668 0.39086719731881026 0.0171875 0.16883116883116883
1 0.16564583333333333 0.6303676162547129 0.012625 0.16396103896103897
1 0.16740624999999998 0.39426476749057393 0.013020833333333334 0.17207792207792208
8 0.18511458333333333 0.6310494344365312 0.019270833333333334 0.17532467532467533
8 0.18658072916666668 0.3950230414746544 0.019078125 0.16714285714285715
36 0.20327343750000001 0.7275230414746544 0.022171875 0.03214285714285714
36 0.20438541666666668 0.4920506912442396 0.0203125 0.03571428571428571
4 0.22161458333333334 0.6308064516129033 0.019270833333333334 0.16774193548387098
1 0.22108736881770832 0.39743309027073737 0.013008070968749999 0.15905972892857143
3 0.23997481770833332 0.6345856409719313 0.017532968750000003 0.1788487012987013
2 0.2405026041666667 0.393566715542522 0.019463541666666667 0.16068181818181818
36 0.25807291666666665 0.7308902387934646 0.0203125 0.025974025974025976
36 0.2597766058007401 0.48608245787479953 0.02059487826814687 0.036681044781857144
29 0.27578125 0.6231671554252199 0.021354166666666667 0.18181818181818182
29 0.2771386546814268 0.3860756837566778 0.019902309362853525 0.16860298041658134
0 0.29609375 0.6313720150816925 0.018229166666666668 0.17532467532467533
0 0.29713541666666665 0.3942438206954336 0.0171875 0.16558441558441558
0 0.31489666666666666 0.6328970046082949 0.016335000000000002 0.16547142857142857
0 0.3161041666666667 0.391038961038961 0.016666666666666666 0.17207792207792208
9 0.33229166666666665 0.6312002513615417 0.017708333333333333 0.17207792207792208
8 0.3341145833333333 0.3942438206954336 0.016145833333333335 0.16558441558441558
7 0.35169791666666667 0.6266736489317134 0.016145833333333335 0.16883116883116883
3 0.35251041666666666 0.3892542940930037 0.016145833333333335 0.16883116883116883
12 0.37265625 0.6249413489736071 0.0234375 0.18181818181818182
12 0.3744375 0.38616883116883116 0.023958333333333335 0.16233766233766234
36 0.39258333333333334 0.490427314620863 0.017708333333333333 0.032467532467532464
36 0.39346609056695747 0.7194735081616281 0.01922384780058166 0.03894701632325636
24 0.41302083333333334 0.4005655634687893 0.025 0.17532467532467533
24 0.414812524875 0.6265764175518433 0.024500049750000003 0.16863670607142855
8 0.4354166666666667 0.39571638039379975 0.01875 0.17207792207792208
8 0.4375 0.626522832006703 0.019791666666666666 0.17207792207792208
1 0.45390625 0.3940930037704231 0.011979166666666667 0.16883116883116883
1 0.4549479166666667 0.6214809384164224 0.011979166666666667 0.1590909090909091
8 0.4723541666666667 0.3940930037704231 0.017708333333333333 0.16883116883116883
8 0.4749583333333333 0.62329702555509 0.019791666666666666 0.17207792207792208
36 0.49114583333333334 0.4920297444490993 0.01875 0.02922077922077922
36 0.493919175 0.7167256655844155 0.017171683333333333 0.033451331168831165
2 0.50825 0.3923083368244659 0.016666666666666666 0.16558441558441558
5 0.5102717708333333 0.6174777440301634 0.019126874999999998 0.16560064935064936
3 0.5268229166666667 0.3941139505655635 0.018229166666666668 0.17532467532467533
4 0.5304687499999999 0.6198575617930457 0.0171875 0.15584415584415584
36 0.5455729166666666 0.4888248847926267 0.019270833333333334 0.03571428571428571
36 0.5467764959270833 0.7169778235646209 0.019511325187499998 0.03040726003246753
29 0.5650625 0.38943653121072475 0.01875 0.17532467532467533
25 0.5672812500000001 0.6159316087138668 0.0189375 0.1737987012987013
0 0.5841145833333333 0.3973397570171764 0.0171875 0.17532467532467533
0 0.5875 0.6168454126518642 0.01875 0.17207792207792208
0 0.6018229166666667 0.39894218684541266 0.0171875 0.17207792207792208
4 0.6059895833333333 0.6085986594051109 0.015104166666666667 0.16558441558441558
5 0.6207916666666666 0.39249057394218684 0.015625 0.17207792207792208
8 0.6247395833333333 0.6166945957268538 0.019270833333333334 0.17532467532467533
3 0.6398437499999999 0.3941139505655635 0.0203125 0.17532467532467533
5 0.6432291666666666 0.6134687892752408 0.015625 0.17532467532467533
12 0.6598958333333333 0.3892647674905739 0.021875 0.17207792207792208
12 0.6645833333333333 0.6134687892752408 0.023958333333333335 0.17532467532467533
36 0.6809343296875 0.4603337160138249 0.013951992708333336 0.03679646428571428
24 0.6994791666666667 0.3666631755341433 0.023958333333333335 0.16558441558441558
8 0.72265625 0.3666631755341433 0.0203125 0.16558441558441558
1 0.7411458333333333 0.3699099287808965 0.013541666666666667 0.17207792207792208
8 0.7591145833333334 0.36664222873900293 0.019270833333333334 0.1590909090909091
36 0.7752604166666667 0.46141600335148725 0.016145833333333335 0.03896103896103896
3 0.79609375 0.37473816506074575 0.019270833333333334 0.16883116883116883
3 0.815625 0.3698889819857562 0.01875 0.16558441558441558
36 0.8330729166666666 0.4678885630498534 0.016145833333333335 0.045454545454545456
29 0.8518229166666667 0.36828655215751993 0.0203125 0.16883116883116883
0 0.8721354166666667 0.3715123586091328 0.018229166666666668 0.16883116883116883
0 0.8895833333333334 0.36986803519061584 0.01875 0.1590909090909091
1 0.9072916666666666 0.36664222873900293 0.013541666666666667 0.1590909090909091
4 0.9265625 0.3698889819857562 0.016666666666666666 0.16558441558441558
12 0.9481770833333333 0.3666841223292836 0.0234375 0.17207792207792208
