27 0.06219790656640045 0.31751928694494336 0.025437479799467574 0.1956837351802093
30 0.0872689171875 0.30800086630708 0.025144748414572985 0.19779913409608438
36 0.10374340605838192 0.6324352960076387 0.019903478783430514 0.048418979112051425
36 0.10833333333333334 0.4049329702555509 0.020833333333333332 0.02922077922077922
24 0.12652083333333333 0.5326518642647675 0.02468429479166667 0.17729205519480523
24 0.12800518138929687 0.30428162111826035 0.02476036277859375 0.16695033901071427
8 0.14869791666666668 0.5425219941348973 0.019270833333333334 0.18181818181818182
8 0.14973958333333334 0.3119962295768748 0.0171875 0.16883116883116883
1 0.16616666666666666 0.5400450356095517 0.012625 0.16396103896103897
1 0.16744791666666667 0.3118454126518643 0.013020833333333334 0.17207792207792208
8 0.18515625 0.542501047339757 0.019270833333333334 0.17532467532467533
8 0.18662239583333334 0.3061520737327189 0.019078125 0.16714285714285715
36 0.20479427083333335 0.6275230414746543 0.022171875 0.03214285714285714
36 0.20590625 0.4017281105990783 0.0203125 0.03571428571428571
4 0.22201041666666668 0.5288709677419354 0.019270833333333334 0.17096774193548386
1 0.223004035484375 0.30920728381912443 0.013008070968749999 0.15905972892857143
3 0.24153731770833334 0.5295856409719313 0.017532968750000003 0.1788487012987013
2 0.2420234375 0.3079215542521994 0.019463541666666667 0.16068181818181818
36 0.25859375 0.6258902387934646 0.0203125 0.025974025974025976
36 0.26029743913407344 0.39898568368125115 0.02059487826814687 0.036681044781857144
29 0.2768229166666667 0.5328445747800586 0.021354166666666667 0.18181818181818182
29 0.27870115468142675 0.30543052246635516 0.019902309362853525 0.16860298041658134
0 0.29765624999999996 0.537501047339757 0.018229166666666668 0.17532467532467533
0 0.29817708333333337 0.30214704650188523 0.0171875 0.16558441558441558
0 0.3154591666666667 0.5328970046082949 0.016335000000000002 0.16547142857142857
0 0.3166666666666667 0.30684541265186427 0.016666666666666666 0.17207792207792208
9 0.3338541666666667 0.5326518642647675 0.017708333333333333 0.17207792207792208
8 0.3356770833333333 0.30214704650188523 0.016145833333333335 0.16558441558441558
7 0.35134375 0.5328026811897779 0.016145833333333335 0.16883116883116883
3 0.3533854166666667 0.3069962295768748 0.016145833333333335 0.16883116883116883
12 0.3731770833333333 0.5263929618768328 0.0234375 0.18181818181818182
12 0.375 0.2972978634268957 0.023958333333333335 0.16233766233766234
36 0.3928202572336241 0.625925121064854 0.01922384780058166 0.03894701632325636
36 0.3952291666666667 0.37752408881441135 0.017708333333333333 0.032467532467532464
24 0.41172919154166665 0.5341570627131337 0.024500049750000003 0.16863670607142855
24 0.416625 0.28266233766233767 0.025 0.17532467532467533
8 0.4344166666666667 0.5344260578131546 0.019791666666666666 0.17207792207792208
8 0.43854166666666666 0.2828131545873481 0.01875 0.17207792207792208
1 0.45286458333333335 0.5343841642228739 0.011979166666666667 0.1590909090909091
1 0.45698958333333334 0.2840930037704231 0.011979166666666667 0.16883116883116883
8 0.4713541666666667 0.5312002513615417 0.019791666666666666 0.17207792207792208
8 0.476 0.2811897779639715 0.017708333333333333 0.16883116883116883
36 0.4894400083333333 0.6214030849392542 0.017171683333333333 0.033451331168831165
36 0.49391666666666667 0.3726749057394219 0.01875 0.02922077922077922
5 0.5084801041666667 0.5294132279011311 0.019126874999999998 0.16560064935064936
2 0.5125 0.2777922077922078 0.016666666666666666 0.16558441558441558
4 0.5268645833333333 0.5277607875994973 0.0171875 0.15584415584415584
3 0.53046875 0.27621072475911185 0.018229166666666668 0.17532467532467533
36 0.5442973292604167 0.6152036300162338 0.019511325187499998 0.03040726003246753
36 0.5487395833333334 0.3676958525345622 0.019270833333333334 0.03571428571428571
25 0.5646770833333333 0.5238348345203184 0.0189375 0.1737987012987013
29 0.5677083333333334 0.27798491830749894 0.01875 0.17532467532467533
0 0.5848958333333334 0.5247486384583159 0.01875 0.17207792207792208
0 0.5877604166666667 0.27943653121072476 0.0171875 0.17532467532467533
4 0.6033854166666667 0.5247276916631756 0.015104166666666667 0.16558441558441558
0 0.6059895833333333 0.27603896103896103 0.0171875 0.17207792207792208
8 0.62265625 0.5263720150816925 0.019270833333333334 0.17532467532467533
5 0.6249583333333333 0.2763615416841223 0.015625 0.17207792207792208
5 0.6401458333333333 0.5231462086300795 0.015625 0.17532467532467533
3 0.6434895833333333 0.27621072475911185 0.0203125 0.17532467532467533
12 0.6625 0.5213720150816925 0.023958333333333335 0.17532467532467533
12 0.6640625 0.2695873481357352 0.021875 0.17207792207792208
36 0.6809343296875 0.3732369418202765 0.013951992708333336 0.03679646428571428
24 0.7046458333333333 0.2842438206954336 0.023958333333333335 0.16558441558441558
8 0.7268229166666667 0.2860180142438207 0.0203125 0.16558441558441558
1 0.7442708333333333 0.29071638039379977 0.013541666666666667 0.17207792207792208
8 0.76328125 0.28277126099706745 0.019270833333333334 0.1590909090909091
36 0.7809479166666666 0.37431922915793886 0.016145833333333335 0.03896103896103896
3 0.7992604166666667 0.2858671973188102 0.019270833333333334 0.16883116883116883
3 0.8192708333333334 0.2860180142438207 0.01875 0.16558441558441558
36 0.8383229166666667 0.37434017595307917 0.016145833333333335 0.045454545454545456
29 0.8565104166666666 0.2708671973188102 0.0203125 0.16883116883116883
0 0.8753020833333334 0.27941558441558445 0.018229166666666668 0.16883116883116883
0 0.8932708333333333 0.27777126099706745 0.01875 0.1590909090909091
1 0.9114583333333333 0.28277126099706745 0.013541666666666667 0.1590909090909091
4 0.93025 0.28101801424382067 0.016666666666666666 0.16558441558441558
12 0.95134375 0.27313573523250945 0.0234375 0.17207792207792208
