27 0.040618678063230995 0.47904919751976793 0.02602902279312866 0.20023431736963299
30 0.06569764004294651 0.4740569860202989 0.024480721189929378 0.1925756175237489
36 0.08362066490077978 0.8226527348065464 0.020366329801559547 0.04954495181374006
36 0.08517973729050779 0.5748207011666804 0.021317807914348914 0.029900302009736122
24 0.1054869062174173 0.7223439852595197 0.02451547910150125 0.1760795562795572
24 0.10693891311582107 0.4737658807614869 0.025336159564975484 0.17083273239676025
8 0.1291303194937197 0.7223273689278091 0.019718972320772736 0.186046323616136
8 0.12962692909800225 0.471491918858763 0.017587191529337846 0.17275730050069762
1 0.14756346246471438 0.7196636574453305 0.012918591596095442 0.16777391683240833
1 0.14780764830656737 0.4731530467481928 0.013323629946468069 0.1760795562795572
8 0.16715115282705303 0.7272413591036421 0.019718972320772736 0.17940181205841682
8 0.16757339129878251 0.47062813235625955 0.019521782597565016 0.17102972749569068
36 0.18634373853642291 0.8207979169144164 0.02268747707284583 0.03289033221070974
36 0.18691326469157843 0.5716704650361548 0.02078486271649019 0.03654481356745527
4 0.2036928194937197 0.7201255757555716 0.019718972320772736 0.17164273727166082
1 0.20409278539795273 0.4729650744747839 0.01331057079590549 0.16275862791396914
3 0.22403284703953877 0.7175718554054441 0.017940694079077547 0.18300778848079097
2 0.22458308102199026 0.46908624190160175 0.019916162043980473 0.16441843849576016
36 0.2432049313582451 0.8191142658338849 0.02078486271649019 0.026578046230876572
36 0.24439107048122075 0.5689288394999089 0.021073807629108175 0.0375340544043485
29 0.2619670432227705 0.7193823851090388 0.021850753112207636 0.186046323616136
29 0.2627867332598489 0.46666643355171444 0.02036513318636443 0.17252380561475578
0 0.28276404096252766 0.720768867194257 0.018653081925055295 0.17940181205841682
0 0.2832727624313356 0.4698307909693333 0.017587191529337846 0.16943504472183812
0 0.30106576674807467 0.7222001681848005 0.016714866829482696 0.1693194302207338
0 0.30227712316573957 0.4699168007935003 0.01705424633147913 0.1760795562795572
9 0.32051840169693163 0.7255802312142122 0.018120136727196583 0.1760795562795572
8 0.32128148390014355 0.46659454501464076 0.016521301133620415 0.16943504472183812
7 0.33990648390014355 0.7159741195060123 0.016521301133620415 0.17275730050069762
3 0.3401981505668102 0.46827185413384387 0.016521301133620415 0.17275730050069762
12 0.3614704336184879 0.7111461391543463 0.023982533903642515 0.186046323616136
12 0.3622577395507506 0.4666971711705184 0.02451547910150125 0.16611278894297854
36 0.38241423503026495 0.5603005992826473 0.018120136727196583 0.0332225577885957
36 0.3822312804082328 0.8095703732525723 0.019670894149798973 0.039852720615177153
24 0.40497818474860936 0.4633416827282375 0.025581369497218686 0.17940181205841682
24 0.4046807298404332 0.7076383810771124 0.02506979301419962 0.17255831555228313
8 0.42834301356145704 0.46344430888411514 0.019186027122914017 0.1760795562795572
8 0.42835512542598236 0.7093990014407494 0.02025191751863146 0.1760795562795572
1 0.4467538697753753 0.46178318099468535 0.012257739550750626 0.17275730050069762
1 0.4457122031087086 0.7092269817924154 0.012257739550750626 0.16279053316411887
8 0.4653100683635983 0.45854693503999283 0.018120136727196583 0.17275730050069762
8 0.4658551254259824 0.7061627554860569 0.02025191751863146 0.1760795562795572
36 0.48411384689479037 0.5586394713932176 0.019186027122914017 0.029900302009736122
36 0.4847855035247846 0.8067586302010578 0.017571007049569286 0.03422923451214793
2 0.5037562898324063 0.45834211783017476 0.01705424633147913 0.16943504472183812
5 0.5032441664673756 0.7069588377091041 0.01957166626808458 0.16945165600073236
3 0.5228682076291943 0.45863294486415984 0.018653081925055295 0.17940181205841682
4 0.5224185957646689 0.7025658539029856 0.017587191529337846 0.15946827738525934
36 0.5421511528270531 0.555489235262692 0.019718972320772736 0.03654481356745527
36 0.5407533617133699 0.8019649540760625 0.01996505676007308 0.03111437417154248
29 0.561155513561457 0.4539242070000822 0.019763429651853112 0.18480090064070445
25 0.5612931103637383 0.7005706613580696 0.019377887394143156 0.1778403518423528
0 0.5817102624313355 0.45686919081885247 0.017587191529337846 0.17940181205841682
0 0.5835513468947904 0.6996902635766717 0.019186027122914017 0.1760795562795572
0 0.6004602624313355 0.45344430888411513 0.017587191529337846 0.1760795562795572
4 0.6025193720356182 0.6996042537525049 0.01545541073790296 0.16943504472183812
5 0.6189316779678808 0.4537355710200375 0.015988355935761683 0.1760795562795572
8 0.621838652827053 0.7045876374207942 0.019718972320772736 0.17940181205841682
3 0.6390382646915784 0.45863294486415984 0.02078486271649019 0.17940181205841682
5 0.6398066779678808 0.7013513914661016 0.015988355935761683 0.17940181205841682
12 0.6606710158216998 0.44873557102003747 0.022383698310066345 0.1760795562795572
12 0.6628202395507506 0.6963513914661016 0.02451547910150125 0.17940181205841682
36 0.6804507216138875 0.5560429074606457 0.014276443227775045 0.037652157963362715
24 0.7028827395507506 0.4601220531052556 0.02451547910150125 0.16943504472183812
8 0.7265382646915785 0.4601220531052556 0.02078486271649019 0.16943504472183812
1 0.74546995423883 0.46344430888411514 0.013856575144326796 0.1760795562795572
8 0.764026152827053 0.456799797326396 0.019718972320772736 0.16279053316411887
36 0.7832606505668103 0.5539141171974292 0.016521301133620415 0.039867069346314836
3 0.8020469861603864 0.4650194269493779 0.019718972320772736 0.17275730050069762
3 0.8226138468947903 0.4601220531052556 0.019186027122914017 0.16943504472183812
36 0.8410731505668102 0.5540001270215963 0.016521301133620415 0.046511580904034
29 0.8603924313582451 0.45531068908530026 0.02078486271649019 0.17275730050069762
0 0.8812015409625276 0.45531068908530026 0.018653081925055295 0.17275730050069762
0 0.8991763468947903 0.456799797326396 0.019186027122914017 0.16279053316411887
1 0.91734495423883 0.4503273054170109 0.013856575144326796 0.16279053316411887
4 0.9371729564990728 0.4568858071505631 0.01705424633147913 0.16943504472183812
12 0.9599079336184879 0.4472630791106524 0.023982533903642515 0.1760795562795572
