27 0.06584373989973379 0.2688096095255885 0.025437479799467574 0.1956837351802093
30 0.09043558385416667 0.2692911888877252 0.022537834375 0.17729205519480523
36 0.10815625 0.5919417679095098 0.021354166666666667 0.05194805194805195
36 0.10833333333333334 0.3662232928361961 0.020833333333333332 0.02922077922077922
24 0.1300885147226302 0.27379775015051844 0.02476036277859375 0.16695033901071427
24 0.13016666666666668 0.49709677419354836 0.026041666666666668 0.17419354838709677
8 0.15178125 0.2782865521575199 0.0171875 0.16883116883116883
8 0.15238541666666666 0.5020381231671555 0.019270833333333334 0.18181818181818182
1 0.16901041666666666 0.2763615416841223 0.013020833333333334 0.17207792207792208
1 0.1698125 0.49810955173858396 0.012625 0.16396103896103897
8 0.18818489583333334 0.27566820276497694 0.019078125 0.16714285714285715
8 0.18828125 0.4955655634687893 0.019270833333333334 0.17532467532467533
36 0.20744010416666667 0.5855875576036867 0.022171875 0.03214285714285714
36 0.20746875 0.3630184331797235 0.0203125 0.03571428571428571
4 0.22429947916666668 0.49816296606619187 0.016307291666666668 0.17051948051948052
1 0.224691535484375 0.2713040580126728 0.013008070968749999 0.15905972892857143
2 0.24254427083333335 0.27388929618768326 0.019463541666666667 0.16068181818181818
3 0.244141484375 0.49265015710096355 0.017532968750000003 0.1788487012987013
36 0.26171875 0.5839547549224968 0.0203125 0.025974025974025976
36 0.26185993913407346 0.36350181271350923 0.02059487826814687 0.036681044781857144
29 0.2802219880147601 0.26639826440183906 0.019902309362853525 0.16860298041658134
29 0.2804270833333333 0.48590909090909096 0.021354166666666667 0.18181818181818182
0 0.29921875000000003 0.26988898198575617 0.0171875 0.16558441558441558
0 0.30026041666666664 0.49088814411395054 0.018229166666666668 0.17532467532467533
0 0.31744791666666666 0.2709677419354839 0.015104166666666667 0.16129032258064516
0 0.31910499999999997 0.4891873271889401 0.016335000000000002 0.16547142857142857
8 0.33515625 0.26666317553414326 0.016145833333333335 0.16558441558441558
9 0.3364583333333333 0.4957163803937997 0.017708333333333333 0.17207792207792208
3 0.35390625 0.265060745705907 0.016145833333333335 0.16883116883116883
7 0.35442708333333334 0.4940930037704231 0.016145833333333335 0.16883116883116883
12 0.37643750000000004 0.2699518223711772 0.021896042710416667 0.19450510667435067
12 0.37730317708333333 0.48925193757855046 0.0223146875 0.16560064935064936
36 0.39627083333333335 0.3567176372015082 0.017708333333333333 0.032467532467532464
36 0.39587500000000003 0.5823942186845412 0.018466351494086014 0.03741234848152493
24 0.41641669154166666 0.49076996593894007 0.024500049750000003 0.16863670607142855
24 0.41770833333333335 0.26008169250104735 0.025 0.17532467532467533
8 0.4401041666666667 0.2602325094260578 0.01875 0.17207792207792208
8 0.4391041666666667 0.4907163803937997 0.019791666666666666 0.17207792207792208
1 0.45651041666666664 0.48922287390029323 0.011979166666666667 0.1590909090909091
1 0.45703125 0.2682865521575199 0.011979166666666667 0.16883116883116883
8 0.477 0.25860913280268116 0.017708333333333333 0.16883116883116883
8 0.4755625 0.4874905739421868 0.019791666666666666 0.17207792207792208
36 0.4944400083333333 0.5812417946166737 0.017171683333333333 0.033451331168831165
36 0.49531250000000004 0.3500942605781316 0.01875 0.02922077922077922
5 0.5121676041666666 0.48925193757855046 0.019126874999999998 0.16560064935064936
2 0.5130208333333333 0.2569857561793046 0.016666666666666666 0.16558441558441558
3 0.5315104166666667 0.26185588604943444 0.018229166666666668 0.17532467532467533
4 0.5315104166666667 0.4908253037285295 0.0171875 0.15584415584415584
36 0.54881816259375 0.5732681461452661 0.019511325187499998 0.03040726003246753
36 0.5502604166666667 0.35656682027649766 0.019270833333333334 0.03571428571428571
29 0.5682291666666667 0.2554042731462086 0.01875 0.17532467532467533
25 0.56884375 0.49012515710096355 0.0189375 0.1737987012987013
0 0.5877604166666667 0.26008169250104735 0.0171875 0.17532467532467533
0 0.5885416666666667 0.48603896103896105 0.01875 0.17207792207792208
0 0.6069895833333333 0.2584583158776707 0.0171875 0.17207792207792208
4 0.60703125 0.4860180142438207 0.015104166666666667 0.16558441558441558
5 0.6244791666666667 0.2570067029744449 0.015625 0.17207792207792208
8 0.62578125 0.4876623376623377 0.019270833333333334 0.17532467532467533
3 0.6440104166666667 0.2586300795978215 0.0203125 0.17532467532467533
5 0.6442708333333333 0.4844365312107248 0.015625 0.17532467532467533
12 0.6650625 0.2520067029744449 0.021875 0.17207792207792208
12 0.665625 0.4844365312107248 0.023958333333333335 0.17532467532467533
36 0.6850593296875 0.3488821031105991 0.013951992708333336 0.03679646428571428
24 0.7036458333333333 0.26166317553414326 0.023958333333333335 0.16558441558441558
8 0.7268229166666667 0.26343736908253035 0.0203125 0.16558441558441558
1 0.7447916666666666 0.2713615416841223 0.013541666666666667 0.17207792207792208
8 0.7627604166666667 0.26019061583577713 0.019270833333333334 0.1590909090909091
3 0.79821875 0.2582865521575199 0.019270833333333334 0.16883116883116883
36 0.78134375 0.3427063259321324 0.016145833333333335 0.03896103896103896
3 0.8177916666666667 0.25666317553414325 0.01875 0.16558441558441558
36 0.8358020833333333 0.34998533724340175 0.016145833333333335 0.045454545454545456
29 0.85546875 0.265060745705907 0.0203125 0.16883116883116883
0 0.8742604166666667 0.260060745705907 0.018229166666666668 0.16883116883116883
0 0.8932708333333333 0.2551906158357771 0.01875 0.1590909090909091
1 0.9115416666666666 0.25841642228739004 0.013541666666666667 0.1590909090909091
4 0.9297708333333333 0.25343736908253034 0.016666666666666666 0.16558441558441558
12 0.95090625 0.2505550900712191 0.0234375 0.17207792207792208
