27 0.05813047595360005 0.4242000631614824 0.025437479799467574 0.1956837351802093
30 0.08221099591941594 0.4210956288882326 0.022537834375 0.17729205519480523
36 0.10007047241422445 0.7642849375303903 0.021140625 0.051428571428571435
36 0.10184460809460127 0.5163629556485878 0.020833333333333332 0.02922077922077922
24 0.12059872701528779 0.6671619850832746 0.02468429479166667 0.17729205519480523
24 0.12237685669966353 0.41260314033082646 0.02476036277859375 0.16695033901071427
8 0.1436832409851026 0.6670126636352277 0.019270833333333334 0.18181818181818182
8 0.14520199410801982 0.4192000631614824 0.0171875 0.16883116883116883
1 0.16206147060282833 0.6652664193565246 0.012625 0.16396103896103897
1 0.16283960028720412 0.42079698599213833 0.013020833333333334 0.17207792207792208
8 0.1809959595893057 0.6655251222126287 0.019270833333333334 0.17532467532467533
8 0.18251071870822388 0.41594630744018546 0.019078125 0.16714285714285715
36 0.19918982513724165 0.7625386932516872 0.022171875 0.03214285714285714
36 0.20070857826015887 0.5163429856285928 0.0203125 0.03571428571428571
4 0.21774043681276023 0.6637788779339256 0.016801418911458334 0.17568639129870128
1 0.21800380737821784 0.41434938460952947 0.013008070968749999 0.15905972892857143
2 0.23697979661452856 0.4193493846095295 0.019463541666666667 0.16068181818181818
3 0.23597979661452856 0.6605251222126287 0.017532968750000003 0.1788487012987013
36 0.2541361559166301 0.7575386932516872 0.0203125 0.025974025974025976
36 0.25591428560100593 0.5147460627979369 0.02059487826814687 0.036681044781857144
29 0.2732470209648994 0.6623113065313219 0.021354166666666667 0.18181818181818182
29 0.2742885212147327 0.41113556892822256 0.019902309362853525 0.16860298041658134
0 0.2940011398855858 0.41434938460952947 0.0171875 0.16558441558441558
0 0.2930011398855858 0.6637788779339256 0.018229166666666668 0.17532467532467533
0 0.3133753754993126 0.41758317031083136 0.01563061709510534 0.18443548186432282
0 0.311416875749146 0.6637788779339256 0.016829966835 0.17048537832857144
8 0.33079111136287276 0.41434938460952947 0.016145833333333335 0.16558441558441558
9 0.33005048792433134 0.6639082293619779 0.017708333333333333 0.17207792207792208
3 0.34994747066497434 0.41596627746018044 0.016145833333333335 0.16883116883116883
7 0.3489434766609754 0.6640375807900298 0.016145833333333335 0.16883116883116883
12 0.3714717312620386 0.41434938460952947 0.021896042710416667 0.19450510667435067
12 0.3704717312620386 0.6608037950887279 0.02392436533997039 0.177546310500708
36 0.39113885567905937 0.515004765654041 0.017708333333333333 0.032467532467532464
36 0.39065760880197653 0.7529467175558385 0.01922384780058166 0.03894701632325636
24 0.4134037397146651 0.41122498031628457 0.0255025 0.1788487012987013
24 0.4125322344681642 0.657679390795483 0.025749798515199995 0.1772388728968311
8 0.43627037737285473 0.41784187316693555 0.01875 0.17207792207792208
8 0.43531587162668706 0.659186902238077 0.019791666666666666 0.17207792207792208
1 0.45364461298658143 0.41620501029628953 0.012971720952836375 0.18281996328785766
1 0.4531713541174966 0.6624406579593738 0.012843288072115223 0.17056698783520613
8 0.4725376017232254 0.4129512545749927 0.018064270833333333 0.1722246753246753
8 0.47210584310397397 0.6574206879393789 0.019791666666666666 0.17207792207792208
36 0.49069795502932595 0.5133479327634001 0.01875 0.02922077922077922
36 0.4902997086519099 0.7545636104064894 0.01769200251001667 0.03446493995457792
2 0.5093315672045113 0.41633436172434174 0.017171683333333333 0.17060178896103895
5 0.5088958145812609 0.659296283646134 0.020102537852006434 0.17404794677061855
3 0.5282620621869898 0.41620501029628953 0.018411458333333335 0.17707792207792208
4 0.5288678098135726 0.6610624979448321 0.018064235236093754 0.16379377404155845
36 0.5469371746120084 0.5133479327634001 0.019270833333333334 0.03571428571428571
36 0.546196551173467 0.7547129318545365 0.019511325187499998 0.03040726003246753
29 0.5653114102257352 0.41301116463497767 0.01875 0.17532467532467533
25 0.5649131638483192 0.655953116536775 0.020303563230526497 0.1863357318126242
0 0.5848061525849632 0.4194587660175866 0.0171875 0.17532467532467533
0 0.5867047890148401 0.66093314651678 0.01875 0.17207792207792208
0 0.6039585178830658 0.4195881174456387 0.0171875 0.17207792207792208
4 0.6045977777514842 0.660953116536775 0.015874630965052088 0.17403088491915583
5 0.622897000873542 0.4195681474256436 0.01675211487667203 0.18449082357685564
8 0.6237541370535855 0.6608237651087229 0.019270833333333334 0.17532467532467533
3 0.6422672424832699 0.42620501029628954 0.0203125 0.17532467532467533
5 0.642688626040063 0.657570009387426 0.01675211487667203 0.187971782512268
12 0.6638369973341663 0.41312054604303483 0.022990844845937497 0.18085562550422082
12 0.6649575040796676 0.6578486822635251 0.025180449116979167 0.18426799579675326
36 0.68298536862827 0.5136665456794892 0.01409151263541667 0.03716442892857142
24 0.7036564870492898 0.41839921891913384 0.024439895833333336 0.16891266233766233
8 0.7267410010191045 0.4248867603417327 0.0203125 0.16558441558441558
1 0.7446379837597477 0.42137430176433166 0.013541666666666667 0.17207792207792208
8 0.7630537196233079 0.41990673036172776 0.019854758854166668 0.16391152272727272
36 0.7821980969134122 0.5120496528288383 0.016145833333333335 0.03896103896103896
3 0.8003169499696796 0.4232698674910818 0.019270833333333334 0.16883116883116883
3 0.8192929392059904 0.42163300462043585 0.01875 0.16558441558441558
36 0.8367421873113859 0.5185371942514371 0.016145833333333335 0.045454545454545456
29 0.8563007869949022 0.41505605180977484 0.0203125 0.16883116883116883
0 0.8755776530425052 0.4197973489536707 0.018229166666666668 0.16883116883116883
0 0.8950308951518997 0.4231604860830248 0.01875 0.1590909090909091
1 0.9121002599503353 0.4299267003817228 0.013541666666666667 0.1590909090909091
4 0.9312981195022704 0.4214142418043217 0.016666666666666666 0.16558441558441558
12 0.9523491212302498 0.41671288470041584 0.0234375 0.17207792207792208
