27 0.06532290656640045 0.3316081013563384 0.025437479799467574 0.1956837351802093
30 0.0893939171875 0.33539927435064937 0.022537834375 0.17729205519480523
36 0.10707291666666667 0.6653246753246753 0.019507399555640247 0.0474554414277216
36 0.10933333333333334 0.43519480519480525 0.020833333333333332 0.02922077922077922
24 0.12860416666666669 0.573051948051948 0.024439895833333336 0.17553668831168834
24 0.12956768138929686 0.33347516950535716 0.02476036277859375 0.16695033901071427
8 0.15082291666666667 0.5761688311688312 0.019270833333333334 0.18181818181818182
8 0.15126041666666667 0.33292207792207795 0.0171875 0.16883116883116883
1 0.16777083333333334 0.5722402597402598 0.012625 0.16396103896103897
1 0.16848958333333333 0.3327922077922078 0.013020833333333334 0.17207792207792208
8 0.18723958333333335 0.5746753246753247 0.019270833333333334 0.17532467532467533
8 0.1876640625 0.33032467532467535 0.019078125 0.16714285714285715
36 0.20546875 0.42694805194805197 0.0203125 0.03571428571428571
36 0.20587760416666667 0.6671753246753246 0.022171875 0.03214285714285714
4 0.2232578125 0.569025974025974 0.016307291666666668 0.17051948051948052
1 0.223691535484375 0.3360233709577922 0.013008070968749999 0.15905972892857143
2 0.24254427083333335 0.3335876623376623 0.019463541666666667 0.16068181818181818
3 0.24262065104166666 0.5699438311688312 0.017532968750000003 0.1788487012987013
36 0.26119791666666664 0.6655844155844156 0.0203125 0.025974025974025976
36 0.26185993913407346 0.4274314314818377 0.02059487826814687 0.036681044781857144
29 0.27938541666666666 0.564935064935065 0.021354166666666667 0.18181818181818182
29 0.2802219880147601 0.32780798371478415 0.019902309362853525 0.16860298041658134
0 0.29921875 0.569935064935065 0.018229166666666668 0.17532467532467533
0 0.29921875000000003 0.33454545454545453 0.0171875 0.16558441558441558
0 0.3170633333333333 0.5715019480519481 0.016335000000000002 0.16547142857142857
0 0.31766666666666665 0.32954545454545453 0.015625 0.16558441558441558
9 0.33541666666666664 0.573051948051948 0.017708333333333333 0.17207792207792208
8 0.33663541666666663 0.3312987012987013 0.016145833333333335 0.16558441558441558
3 0.3543854166666667 0.3346753246753247 0.016145833333333335 0.16883116883116883
7 0.35490625 0.5681818181818182 0.016145833333333335 0.16883116883116883
12 0.37473958333333335 0.5616883116883117 0.022395833333333334 0.18181818181818182
12 0.37652083333333336 0.32805194805194804 0.025 0.16558441558441558
36 0.39375 0.42207792207792205 0.017708333333333333 0.032467532467532464
36 0.39487500000000003 0.6607142857142857 0.019614169779187493 0.03973779851367857
24 0.4168958582083333 0.5665910803084416 0.024500049750000003 0.16863670607142855
24 0.4161875 0.32616883116883116 0.025 0.17532467532467533
8 0.4395833333333334 0.3262987012987013 0.01875 0.17207792207792208
8 0.4391041666666667 0.5648051948051949 0.019791666666666666 0.17207792207792208
1 0.45751041666666664 0.560064935064935 0.011979166666666667 0.1590909090909091
1 0.45703125 0.33116883116883117 0.011979166666666667 0.16883116883116883
8 0.476 0.3246753246753247 0.017708333333333333 0.16883116883116883
8 0.4755625 0.5615584415584416 0.019791666666666666 0.17207792207792208
36 0.49396084166666665 0.6595828084415585 0.017171683333333333 0.033451331168831165
36 0.4947916666666667 0.42045454545454547 0.01875 0.02922077922077922
5 0.5121676041666666 0.5633198051948052 0.019126874999999998 0.16560064935064936
2 0.5125 0.3262987012987013 0.016666666666666666 0.16558441558441558
3 0.5315104166666667 0.32616883116883116 0.018229166666666668 0.17532467532467533
4 0.53203125 0.5616883116883117 0.0171875 0.15584415584415584
36 0.54881816259375 0.6548140196266234 0.019511325187499998 0.03040726003246753
36 0.5497395833333334 0.42194805194805196 0.019270833333333334 0.03571428571428571
29 0.5682291666666667 0.3181818181818182 0.01875 0.17532467532467533
25 0.56884375 0.5609253246753246 0.0189375 0.1737987012987013
0 0.5877604166666667 0.32792207792207795 0.0171875 0.17532467532467533
0 0.5890625 0.5568181818181819 0.01875 0.17207792207792208
0 0.6059895833333333 0.32954545454545453 0.0171875 0.17207792207792208
4 0.6075520833333333 0.5535714285714286 0.015104166666666667 0.16558441558441558
5 0.6239583333333333 0.32305194805194803 0.015625 0.17207792207792208
8 0.6263020833333334 0.5616883116883117 0.019270833333333334 0.17532467532467533
3 0.6434895833333333 0.3246753246753247 0.0203125 0.17532467532467533
5 0.6447916666666667 0.5584415584415585 0.015625 0.17532467532467533
12 0.6640625 0.32305194805194803 0.021875 0.17207792207792208
12 0.6666666666666666 0.5584415584415585 0.023958333333333335 0.17532467532467533
36 0.6835384963541666 0.4177488814935065 0.013951992708333336 0.03679646428571428
24 0.7046875 0.3262987012987013 0.023958333333333335 0.16558441558441558
8 0.72734375 0.3262987012987013 0.0203125 0.16558441558441558
1 0.7458333333333332 0.32954545454545453 0.013541666666666667 0.17207792207792208
8 0.7638020833333333 0.32305194805194803 0.019270833333333334 0.1590909090909091
36 0.7816354166666667 0.41883116883116883 0.016145833333333335 0.03896103896103896
3 0.8002604166666667 0.33116883116883117 0.019270833333333334 0.16883116883116883
3 0.8203125 0.3262987012987013 0.01875 0.16558441558441558
36 0.83828125 0.41883116883116883 0.016145833333333335 0.045454545454545456
29 0.85703125 0.3246753246753247 0.0203125 0.16883116883116883
0 0.8768229166666667 0.3246753246753247 0.018229166666666668 0.16883116883116883
0 0.8942708333333333 0.3262987012987013 0.01875 0.1590909090909091
1 0.9125 0.3198051948051948 0.013541666666666667 0.1590909090909091
4 0.9307291666666666 0.3262987012987013 0.016666666666666666 0.16558441558441558
12 0.9528645833333333 0.31655844155844154 0.0234375 0.17207792207792208
