27 0.06688540656640046 0.27203541597720143 0.025437479799467574 0.1956837351802093
30 0.09091475052083334 0.26606538243611233 0.022537834375 0.17729205519480523
36 0.10755208333333334 0.5775869291998325 0.021354166666666667 0.05194805194805195
36 0.10833333333333334 0.3550942605781316 0.020833333333333332 0.02922077922077922
24 0.12864583333333335 0.4892647674905739 0.023958333333333335 0.17207792207792208
24 0.1289635147226302 0.2641203307956797 0.02476036277859375 0.16695033901071427
8 0.15121875 0.2682865521575199 0.0171875 0.16883116883116883
8 0.15182291666666667 0.49090909090909096 0.019270833333333334 0.18181818181818182
1 0.16840624999999998 0.2678131545873481 0.013020833333333334 0.17207792207792208
1 0.1688125 0.498109551738584 0.012625 0.16396103896103897
8 0.1871015625 0.26066820276497693 0.019078125 0.16714285714285715
8 0.18923958333333335 0.49088814411395054 0.019270833333333334 0.17532467532467533
36 0.20590625 0.35156682027649766 0.0203125 0.03571428571428571
36 0.2079609375 0.5773617511520737 0.022171875 0.03214285714285714
1 0.22308736881770833 0.269852445109447 0.013008070968749999 0.15905972892857143
4 0.2238203125 0.49171135316296605 0.016307291666666668 0.17051948051948052
2 0.2414192708333333 0.2642118768328446 0.019463541666666667 0.16068181818181818
3 0.24262065104166666 0.4861985441977378 0.017532968750000003 0.1788487012987013
36 0.25969327246740675 0.35059858690705764 0.02059487826814687 0.036681044781857144
36 0.26115625 0.5725031420192711 0.0203125 0.025974025974025976
29 0.2781386546814268 0.26172084504700033 0.019902309362853525 0.16860298041658134
29 0.2784270833333333 0.487683284457478 0.021354166666666667 0.18181818181818182
0 0.29809375 0.26166317553414326 0.0171875 0.16558441558441558
0 0.29921875 0.49088814411395054 0.018229166666666668 0.17532467532467533
0 0.31610416666666663 0.2570067029744449 0.014583333333333334 0.17207792207792208
0 0.3180633333333333 0.4891873271889401 0.016335000000000002 0.16547142857142857
8 0.33407291666666666 0.25843736908253034 0.016145833333333335 0.16558441558441558
9 0.3354583333333333 0.48603896103896105 0.017708333333333333 0.17207792207792208
3 0.35278125 0.2568349392542941 0.016145833333333335 0.16883116883116883
7 0.35342708333333334 0.4808671973188102 0.016145833333333335 0.16883116883116883
12 0.3739166666666667 0.2535002094679514 0.020833333333333332 0.18506493506493507
12 0.37578234374999997 0.4778003246753247 0.0223146875 0.16560064935064936
36 0.394 0.34849183074989526 0.017708333333333333 0.032467532467532464
36 0.397 0.5677167993297025 0.020833333333333332 0.04220779220779221
24 0.416500024875 0.47254415948732714 0.024500049750000003 0.16863670607142855
24 0.41670833333333335 0.2565333054042731 0.025 0.17532467532467533
8 0.439625 0.4745873481357352 0.019791666666666666 0.17207792207792208
8 0.43962500000000004 0.25813573523250943 0.01875 0.17207792207792208
1 0.45759374999999997 0.25941558441558443 0.011979166666666667 0.16883116883116883
1 0.45759374999999997 0.4742228739002932 0.011979166666666667 0.1590909090909091
8 0.47504166666666664 0.2518349392542941 0.017708333333333333 0.16883116883116883
8 0.4760833333333333 0.47103896103896103 0.019791666666666666 0.17207792207792208
36 0.49393750000000003 0.33961038961038964 0.01875 0.02922077922077922
36 0.495606675 0.5568869559069962 0.017171683333333333 0.033451331168831165
2 0.5109374999999999 0.2552115626309175 0.016666666666666666 0.16558441558441558
5 0.5116884375 0.47134871177209886 0.019126874999999998 0.16560064935064936
3 0.5294270833333333 0.25185588604943443 0.018229166666666668 0.17532467532467533
4 0.5304687499999999 0.4743736908253037 0.0171875 0.15584415584415584
36 0.5483020833333333 0.3436635944700461 0.019270833333333334 0.03571428571428571
36 0.5489014959270834 0.5618165332420403 0.019511325187499998 0.03040726003246753
29 0.5671875000000001 0.25685588604943443 0.01875 0.17532467532467533
25 0.5673229166666667 0.47222193129451195 0.0189375 0.1737987012987013
0 0.5862395833333333 0.25685588604943443 0.0171875 0.17532467532467533
0 0.5885833333333333 0.4695873481357352 0.01875 0.17207792207792208
0 0.60446875 0.2534583158776707 0.0171875 0.17207792207792208
4 0.6070729166666666 0.4695664013405949 0.015104166666666667 0.16558441558441558
5 0.6224375 0.24878089652283203 0.015625 0.17207792207792208
8 0.6253020833333334 0.4665333054042731 0.019270833333333334 0.17532467532467533
3 0.6409270833333333 0.24863007959782152 0.0203125 0.17532467532467533
5 0.6432708333333333 0.46008169250104736 0.015625 0.17532467532467533
12 0.6630208333333334 0.2505550900712191 0.021875 0.17207792207792208
12 0.665625 0.46185588604943445 0.023958333333333335 0.17532467532467533
36 0.6825801630208334 0.32484984504608294 0.013951992708333336 0.03679646428571428
24 0.7005208333333334 0.24085672392124002 0.023958333333333335 0.16558441558441558
8 0.72321875 0.24408253037285293 0.0203125 0.16558441558441558
1 0.7416666666666666 0.23878089652283202 0.013541666666666667 0.17207792207792208
8 0.7601979166666667 0.2308357771260997 0.019270833333333334 0.1590909090909091
3 0.7951770833333334 0.23102848764139086 0.019270833333333334 0.16883116883116883
3 0.8151875000000001 0.22940511101801425 0.01875 0.16558441558441558
29 0.8510520833333333 0.21635106828655204 0.0203125 0.16883116883116883
0 0.8703229166666667 0.21489945538332636 0.018229166666666668 0.16883116883116883
0 0.890125 0.21115835777126096 0.01875 0.1590909090909091
1 0.9075 0.20583577712609968 0.013541666666666667 0.1590909090909091
4 0.92525 0.2040825303728529 0.016666666666666666 0.16558441558441558
12 0.94690625 0.20152283200670296 0.0234375 0.17207792207792208
