27 0.06534709361252 0.35716134005045874 0.025539382445319586 0.19646764500627176
30 0.08997408371873583 0.35411537435023305 0.022628121029680117 0.17800228787726108
36 0.10751603069098908 0.6859352628185538 0.020388952350852717 0.04959998544648365
36 0.10725675249545402 0.4525884467759046 0.020295542118253455 0.028466474659368482
24 0.12863882451709768 0.5907356828048839 0.024054310512523953 0.17276726692224992
24 0.12840229899274014 0.3506886629374793 0.024859552890950994 0.16761914273675943
8 0.15028856729449108 0.5904950042114865 0.01896300652463075 0.17891386991297814
8 0.1507975502782527 0.35716134005045874 0.016912951765211216 0.16613430777633678
1 0.1683394972505063 0.58878164850511 0.012548820042507495 0.16297168886373373
1 0.16710297172614852 0.35363401716343795 0.013072994843763015 0.17276726692224992
8 0.18791737615780635 0.5890354789801284 0.01896300652463075 0.17252408884465747
8 0.18740360647039034 0.35387469575683567 0.019154552045081572 0.16781243209730992
36 0.20574974655698725 0.6842219071121767 0.02116970003843415 0.03068999099501175
36 0.20525872954074897 0.44747468342001645 0.019394369309347712 0.03409998999445751
4 0.22295097805630382 0.5873221232737513 0.01653469129525911 0.1728973166022905
1 0.22222822221936211 0.35240201864385623 0.013060181353096098 0.15969692283905718
2 0.24184681976536337 0.35240201864385623 0.019541512692456957 0.16132551018834243
3 0.24184681976536337 0.5890354789801284 0.017957030331410436 0.18317442982690219
36 0.260661224197021 0.6792219071121767 0.020189933236707605 0.02581729724573999
36 0.26042469867266343 0.4410020063070371 0.018328118088816934 0.032643772477299195
29 0.27941215731880026 0.5809763613982818 0.020802930671209793 0.17712473121384836
29 0.278452875957501 0.3443429010620095 0.01978221771285234 0.16758562058440354
0 0.2977942293404434 0.35240201864385623 0.01725635319376718 0.16624774741574996
0 0.2987942293404434 0.5873221232737513 0.017937979144920985 0.17252408884465747
0 0.31682240662528116 0.35057489958159116 0.015236268159984611 0.1797823107560336
0 0.3168631252639822 0.5873221232737513 0.016400438075356332 0.16613430777633684
8 0.33389130254881977 0.35240201864385623 0.01621051360626614 0.16624774741574996
9 0.33514579404070055 0.587449038511261 0.017779272987517702 0.17276726692224992
3 0.35270570698047743 0.3489884591127236 0.01621051360626614 0.1695075071689999
7 0.35368295430929975 0.5875759537487707 0.01621051360626614 0.1695075071689999
12 0.37480574813540823 0.35240201864385623 0.021766097371406584 0.1933507870395079
12 0.37580574813540824 0.5794030728110353 0.023313775725000457 0.17301503320965086
36 0.3950836302084722 0.4462558367820559 0.017251210800515438 0.0316294162881872
36 0.3965926131922338 0.6747164161805933 0.018349418567615725 0.03717544540971496
24 0.417929179871522 0.35424228958774234 0.02510015010002499 0.1760270266754999
24 0.41807408845880245 0.5762433437549213 0.02459819704732319 0.1693122653906661
8 0.4403651497957354 0.3558287300566098 0.018825112575018742 0.17276726692224992
8 0.44042862110561426 0.5778166323421681 0.019870952162519783 0.17276726692224992
1 0.4563933270805732 0.3591285262318543 0.012027155256261976 0.1695075071689999
1 0.45794781540669 0.5811032766357911 0.012027155256261976 0.15972822790924993
8 0.4769304873491723 0.3508418819382312 0.01795706571739288 0.1712025822406899
8 0.4765256943139899 0.580989513279903 0.019870952162519783 0.17276726692224992
36 0.4957676444520076 0.44444186960141213 0.018825112575018742 0.029337837779249986
36 0.4953580647131712 0.6763028566494608 0.017240473165470567 0.03358533733533226
2 0.512050313228726 0.34925544146936355 0.01673343340001666 0.16624774741574996
5 0.512622767522366 0.5778297842237892 0.018262334891506703 0.15811545360611864
3 0.5316054394648487 0.3441285262318543 0.018302192781268222 0.1760270266754999
4 0.5302186123971899 0.579656903286054 0.01725635319376718 0.15646846815599993
36 0.5499288268802678 0.44444186960141213 0.01934803236876926 0.035857357285749986
36 0.5501833183721484 0.6715435352428581 0.019589487634265924 0.03052907163781703
29 0.5679570041651053 0.34618317200589577 0.018825112575018742 0.1760270266754999
25 0.5685474244262687 0.579643751404433 0.019013363700768927 0.17449493959147244
0 0.5870845846948681 0.3474151705254775 0.01725635319376718 0.1760270266754999
0 0.5899474624154356 0.574529988048545 0.018825112575018742 0.17276726692224992
0 0.605876236455348 0.35254208576298685 0.01725635319376718 0.17276726692224992
4 0.6084846226840347 0.574643751404433 0.015164674018765098 0.16624774741574996
5 0.6244768680338257 0.34742832240709864 0.015687593812515617 0.17276726692224992
8 0.6262990271156927 0.5745168361669238 0.01839978626784269 0.1673999508818823
3 0.642482292647486 0.3441285262318543 0.020393871956270307 0.1760270266754999
5 0.6448769060229925 0.5762301918733007 0.01616294359262865 0.18136082161079423
12 0.6646458051122952 0.34119632388751686 0.02196263133752186 0.17276726692224992
12 0.6667452083572203 0.5665977857042075 0.024054310512523953 0.1760270266754999
36 0.6824147042015976 0.43003699014409535 0.014007884446944839 0.03694387106886549
24 0.7027153389458393 0.33156391771842375 0.024054310512523953 0.16624774741574996
8 0.7243650817232322 0.33302344294978187 0.018630153775025866 0.15187018461959148
1 0.7429249946630095 0.33448296818114004 0.012800283744169489 0.16265695227356228
8 0.7619938905865474 0.32813720630567 0.01934803236876926 0.15972822790924993
36 0.779740037004673 0.4234505496752278 0.01621051360626614 0.039117117038999984
3 0.7975364754688069 0.32643700248091434 0.01803363052111262 0.15799207364232049
3 0.8171550730148082 0.3247367986561588 0.018825112575018742 0.16624774741574996
36 0.8352191822346924 0.42491007490658605 0.01621051360626614 0.04563663654549999
29 0.8544659190763638 0.3233778848990676 0.020393871956270307 0.1695075071689999
0 0.873379726752947 0.32812405442404863 0.017231151194074312 0.1595879531740611
0 0.8924665886440084 0.32142385059929335 0.018825112575018742 0.15972822790924993
1 0.9101768031270863 0.32825096966155826 0.013595914637513537 0.15972822790924993
4 0.9290319261974456 0.32471049489291626 0.01673343340001666 0.16624774741574996
12 0.9506637030073155 0.3200780887238235 0.02353139071877343 0.17276726692224992
