27 0.06376040656640045 0.352680577267524 0.025437479799467574 0.1956837351802093
30 0.08783141718750001 0.3549363501780478 0.022537834375 0.17729205519480523
36 0.10590625000000001 0.6856451612903226 0.019270833333333334 0.03225806451612903
36 0.10660416666666668 0.45686845412651866 0.020833333333333332 0.02922077922077922
24 0.12688018138929688 0.3626687178924539 0.02476036277859375 0.16695033901071427
24 0.12804166666666666 0.5895873481357352 0.023958333333333335 0.17207792207792208
8 0.14965625000000002 0.36506074570590696 0.0171875 0.16883116883116883
8 0.15021875 0.5894574780058651 0.019270833333333334 0.18181818181818182
1 0.16672916666666668 0.5902063259321323 0.012625 0.16396103896103897
1 0.16736458333333332 0.3631357352325094 0.013020833333333334 0.17207792207792208
8 0.18605989583333332 0.36244239631336406 0.019078125 0.16714285714285715
8 0.18715625 0.5894365312107247 0.019270833333333334 0.17532467532467533
36 0.20434375000000002 0.4547926267281106 0.0203125 0.03571428571428571
36 0.20535677083333334 0.6805875576036866 0.022171875 0.03214285714285714
4 0.2222578125 0.5902597402597403 0.016307291666666668 0.17051948051948052
1 0.222566535484375 0.3651750257546083 0.013008070968749999 0.15905972892857143
2 0.2414192708333333 0.36098607038123165 0.019463541666666667 0.16068181818181818
3 0.241578984375 0.5879727377461248 0.017532968750000003 0.1788487012987013
36 0.26007291666666665 0.6807289484708839 0.0203125 0.025974025974025976
36 0.26069327246740676 0.45382439335867053 0.02059487826814687 0.036681044781857144
29 0.27738541666666666 0.5830058651026393 0.021354166666666667 0.18181818181818182
29 0.2781386546814268 0.3552692321437746 0.019902309362853525 0.16860298041658134
0 0.29809375 0.3584373690825304 0.0171875 0.16558441558441558
0 0.2981770833333333 0.5844365312107247 0.018229166666666668 0.17532467532467533
0 0.31610416666666663 0.358780896522832 0.015327229897291668 0.18085562550422082
0 0.31702166666666665 0.5859615207373271 0.016335000000000002 0.16547142857142857
9 0.33441666666666664 0.586038961038961 0.017708333333333333 0.17207792207792208
8 0.3345520833333333 0.3584373690825304 0.016145833333333335 0.16558441558441558
3 0.35278125 0.35506074570590695 0.016145833333333335 0.16883116883116883
7 0.35290625 0.5844155844155844 0.016145833333333335 0.16883116883116883
12 0.3736979166666667 0.35 0.0234375 0.16451612903225807
12 0.3757406770833333 0.5828003246753247 0.0223146875 0.16560064935064936
36 0.3932291666666667 0.6725806451612903 0.019791666666666666 0.02903225806451613
36 0.3948333333333333 0.43881441139505656 0.017708333333333333 0.032467532467532464
24 0.4154583582083333 0.5825441594873272 0.024500049750000003 0.16863670607142855
24 0.4156666666666667 0.3489526602429828 0.025 0.17532467532467533
8 0.4385833333333333 0.5795873481357352 0.019791666666666666 0.17207792207792208
8 0.4391041666666667 0.3505550900712191 0.01875 0.17207792207792208
1 0.4555520833333333 0.5827712609970674 0.011979166666666667 0.1590909090909091
1 0.45607291666666666 0.34860913280268113 0.011979166666666667 0.16883116883116883
8 0.4745625 0.581038961038961 0.019791666666666666 0.17207792207792208
8 0.47504166666666664 0.3457059069962296 0.017708333333333333 0.16883116883116883
36 0.493044175 0.6765643752618349 0.017171683333333333 0.033451331168831165
36 0.49322916666666666 0.44041684122329283 0.01875 0.02922077922077922
2 0.5119374999999999 0.34408253037285297 0.016666666666666666 0.16558441558441558
5 0.5121676041666666 0.5795745182237118 0.019126874999999998 0.16560064935064936
3 0.53046875 0.3489526602429828 0.018229166666666668 0.17532467532467533
4 0.5315104166666667 0.5811478843736908 0.0171875 0.15584415584415584
36 0.54881816259375 0.676493952596879 0.019511325187499998 0.03040726003246753
36 0.5488229166666667 0.4389861751152074 0.019270833333333334 0.03571428571428571
29 0.5672291666666667 0.3392752408881441 0.01875 0.17532467532467533
25 0.5683229166666667 0.5772219312945119 0.0189375 0.1737987012987013
0 0.5867604166666667 0.3457268537913699 0.0171875 0.17532467532467533
0 0.5885833333333333 0.5745873481357352 0.01875 0.17207792207792208
0 0.6049895833333333 0.3473292836196062 0.0171875 0.17207792207792208
4 0.6080729166666666 0.5795664013405949 0.01635564815792413 0.17930419476309117
5 0.6234791666666667 0.34087767071638037 0.015625 0.17207792207792208
8 0.6258229166666667 0.577984918307499 0.019270833333333334 0.17532467532467533
3 0.64296875 0.342501047339757 0.0203125 0.17532467532467533
5 0.6443125 0.5747591118558861 0.015625 0.17532467532467533
12 0.6635833333333334 0.34087767071638037 0.021875 0.17207792207792208
12 0.6661874999999999 0.5715333054042732 0.023958333333333335 0.17532467532467533
36 0.6836218296875 0.43597887730414747 0.013951992708333336 0.03679646428571428
24 0.7041666666666666 0.34408253037285297 0.023958333333333335 0.16558441558441558
8 0.7268645833333333 0.3455341432760788 0.0203125 0.16558441558441558
1 0.7453124999999999 0.3473292836196062 0.013541666666666667 0.17207792207792208
8 0.7633645833333333 0.3422873900293255 0.019270833333333334 0.1590909090909091
36 0.7824687499999999 0.435609551738584 0.016145833333333335 0.03896103896103896
3 0.8003020833333333 0.3457059069962296 0.019270833333333334 0.16883116883116883
3 0.8203125 0.34408253037285297 0.01875 0.16558441558441558
36 0.8377604166666667 0.4356304985337243 0.016145833333333335 0.045454545454545456
29 0.8565104166666666 0.34248010054461664 0.0203125 0.16883116883116883
0 0.8763020833333334 0.3392542940930038 0.018229166666666668 0.16883116883116883
0 0.8942708333333333 0.3440615835777126 0.01875 0.1590909090909091
1 0.9122291666666666 0.3369648093841642 0.013541666666666667 0.1590909090909091
4 0.9314583333333333 0.3437599497276917 0.016666666666666666 0.16558441558441558
12 0.9520729166666667 0.33410347716799327 0.0234375 0.17207792207792208
