27 0.04022028804398675 0.473675196674409 0.02566733500689217 0.19745194987341202
30 0.06461583753624445 0.47053014913947044 0.02273466637821234 0.17884041826274652
36 0.08349322094343731 0.5670437953678977 0.021021585085960942 0.029484820640049106
36 0.08369587541858764 0.818143764976841 0.020491101206121968 0.04984848186981842
26 0.10429407938599566 0.4669919706626645 0.024984099499654494 0.1684589163189002
26 0.10550576994527217 0.7196848054420909 0.024174822848855082 0.17363283265806698
5 0.12741782298055265 0.473675196674409 0.017342807695917777 0.1703567414758393
5 0.12889228335340364 0.7195989422154326 0.019444966204513865 0.18346110620475004
7 0.14627083333333332 0.4678456591639871 0.016666666666666666 0.17041800643086816
7 0.146875 0.7138263665594855 0.017708333333333333 0.17363344051446947
2 0.16621463296511058 0.47044428591281184 0.019250516542468732 0.1686531740610809
2 0.16668005725383533 0.7130919402716077 0.019444966204513865 0.1769089238402947
36 0.18365056308549826 0.5670889757885285 0.019296619940691935 0.03392812297264516
36 0.1861250234583493 0.8163746757384385 0.02237222192773393 0.03243330270405402
1 0.20217205425464674 0.4687610599010674 0.01312561299234223 0.16049700602024863
4 0.20291832052519831 0.7163228510332047 0.016454645726035923 0.17206030889059767
5 0.22139629381575798 0.4687610599010674 0.019639415866559012 0.16213375260844784
2 0.22339629381575798 0.7130919402716077 0.018227465185361214 0.18593305690852518
36 0.24057849020669725 0.5604057497767838 0.018606002165469433 0.03313870515556708
36 0.2427901807659738 0.8163746757384385 0.02049604545881192 0.026208729457821437
25 0.2611931038003158 0.46543978829820915 0.02008214830456043 0.170126491131541
12 0.26171875 0.7090032154340836 0.025520833333333333 0.18971061093247588
12 0.28511458333333334 0.46159163987138263 0.0234375 0.16720257234726688
0 0.2851636096319786 0.7113228510332047 0.018393886950215824 0.1769089238402947
2 0.303820266395769 0.7113228510332047 0.016482604434200257 0.16696664232047012
16 0.30963541666666666 0.45980707395498394 0.0234375 0.17363344051446947
8 0.32269764980296184 0.7114538946804937 0.017868347323066802 0.17363283265806698
27 0.33489583333333334 0.46141479099678456 0.020833333333333332 0.17684887459807075
8 0.34183780302372935 0.7115849383277829 0.01629172844161973 0.1703567414758393
5 0.3566476975504138 0.4687610599010674 0.021021585085960942 0.1867371973869777
12 0.3636476975504138 0.7133088471455553 0.022516324893498193 0.16709703074952278
12 0.3796875 0.459983922829582 0.025 0.17041800643086816
36 0.3831107359231799 0.7867226262596748 0.019203580545470195 0.03890595539082273
26 0.4042584505196566 0.6902089800312474 0.024721434260635253 0.17016052153424263
26 0.4203125 0.4662379421221865 0.027083333333333334 0.19292604501607716
5 0.4273401509440418 0.6916708015544414 0.01997050583166289 0.17363283265806698
5 0.44375 0.47106109324758844 0.015625 0.17041800643086816
7 0.44679166666666664 0.6881028938906752 0.015625 0.16720257234726688
7 0.4610619106723817 0.47247546244579314 0.017868347323066802 0.1703567414758393
2 0.46561142130145045 0.6899468927366691 0.01997050583166289 0.17363283265806698
2 0.48198958333333336 0.4678456591639871 0.019270833333333334 0.17041800643086816
36 0.48505638750596436 0.7833606718507886 0.01732684810852052 0.03375360021140359
36 0.50078125 0.5643086816720257 0.0171875 0.03536977491961415
5 0.5018826916588593 0.6868470256223612 0.019299707051569876 0.16709703074952278
2 0.51851537742073 0.4657063732073901 0.018393886950215824 0.1769089238402947
6 0.5221159673040967 0.6835709344401336 0.017342807695917777 0.1572523767469286
7 0.53671875 0.46819935691318326 0.0171875 0.1639871382636656
36 0.5406975738116693 0.7834465350774472 0.019687631163306428 0.03068202259216587
25 0.560659043559206 0.6833947103722139 0.019108620843138493 0.17536916098464767
25 0.5767991967799733 0.46893728396898726 0.017342807695917777 0.1769089238402947
0 0.5817226718153389 0.6834398907928446 0.018919426577364847 0.17363283265806698
0 0.5982021198143155 0.4690683276162763 0.017342807695917777 0.17363283265806698
2 0.6008628250361061 0.6883947103722139 0.016340038782788543 0.17913307183280958
1 0.6163752801211285 0.474113508036907 0.015766188814470703 0.17363283265806698
0 0.6192567119863222 0.6882636667249248 0.019444966204513865 0.1769089238402947
0 0.6359989297988733 0.4657063732073901 0.018350893560299956 0.15839332703395767
6 0.6384389083772616 0.6850327559633278 0.016903488395988146 0.18967031135238657
9 0.6548508674957296 0.46751614525182095 0.019762500757246098 0.15546011727406955
12 0.6609860330903716 0.6802496628372752 0.024174822848855082 0.1769089238402947
12 0.6781912892756884 0.46273305212576854 0.024174822848855082 0.16708065029361166
36 0.6824270833333334 0.7893890675241158 0.021354166666666667 0.04180064308681672
36 0.6973958333333333 0.5691318327974276 0.022916666666666665 0.03215434083601286
26 0.7020833333333333 0.6864951768488746 0.027083333333333334 0.1832797427652733
26 0.7215729166666667 0.4742765273311897 0.028645833333333332 0.1832797427652733
5 0.7263020833333333 0.6881028938906752 0.019270833333333334 0.17363344051446947
7 0.7440104166666667 0.6864951768488746 0.0171875 0.17684887459807075
5 0.7447089198204615 0.475747056013418 0.014796186842621635 0.18801947716098616
7 0.762365576584252 0.47919487364896274 0.019444966204513865 0.1605284679291563
2 0.7640625 0.6881028938906752 0.019791666666666666 0.18006430868167203
36 0.7825520833333334 0.7861736334405145 0.0203125 0.03536977491961415
2 0.7831293794827637 0.47760200847847956 0.019444966204513865 0.1703567414758393
6 0.8013020833333333 0.6897106109324759 0.019270833333333334 0.17041800643086816
3 0.818353619043875 0.48100914330799627 0.018919426577364847 0.16708065029361166
0 0.8213541666666667 0.689887459807074 0.017708333333333333 0.16720257234726688
7 0.8388456160446865 0.4792807368756212 0.02049604545881192 0.1703567414758393
36 0.8390625 0.7845659163987139 0.019791666666666666 0.03858520900321544
36 0.8580729166666666 0.567524115755627 0.0203125 0.04180064308681672
12 0.8609375 0.684887459807074 0.025 0.18006430868167203
25 0.8783746685895442 0.47401864958104284 0.018393886950215824 0.1703567414758393
0 0.8830729166666667 0.6864951768488746 0.0171875 0.17684887459807075
0 0.8980824046076326 0.4774257844105598 0.018919426577364847 0.1605284679291563
5 0.9020833333333333 0.6832797427652733 0.017708333333333333 0.1832797427652733
3 0.9178371714220181 0.47565669517215675 0.016817268068768754 0.16708065029361166
1 0.9190104166666667 0.6882797427652733 0.0140625 0.1639871382636656
1 0.9354012413016306 0.474149693228332 0.013664030305874613 0.1605284679291563
7 0.9375 0.6832797427652733 0.020833333333333332 0.17684887459807075
2 0.9541726055758515 0.4708736020461044 0.022265330700798378 0.16347186523183574
12 0.9627604166666667 0.6768488745980707 0.024479166666666666 0.1832797427652733
12 0.979125 0.46641479099678457 0.025 0.18971061093247588
