27 0.06849885788932647 0.295008016051523 0.025539382445319586 0.19646764500627176
30 0.09204322718150673 0.29222695039024343 0.022628121029680117 0.17800228787726108
36 0.10915735577188568 0.6067232393163227 0.021439711543771348 0.05215615605199998
36 0.10993756254167707 0.37918504792188307 0.020916791750020824 0.029337837779249986
24 0.1296172764454755 0.2902611842716055 0.024859552890950994 0.16761914273675943
24 0.13077715525626196 0.515415891525641 0.024054310512523953 0.17276726692224992
8 0.15237817659688357 0.2944311729393387 0.01725635319376718 0.1695075071689999
8 0.15394484951771795 0.5170797247039032 0.01934803236876926 0.18254654618199995
1 0.17092112123358963 0.5210186111889173 0.012675575800512621 0.16461786753912497
1 0.17155733075521484 0.29219008507402816 0.013072994843763015 0.17276726692224992
8 0.18936151618438463 0.517045771402266 0.01934803236876926 0.1760270266754999
8 0.19078560935587413 0.29180944185510654 0.019154552045081572 0.16781243209730992
36 0.2085511026448018 0.38067061412674597 0.020393871956270307 0.035857357285749986
36 0.20904701447664648 0.6032325849721358 0.02226069561995966 0.03227162155717498
1 0.22475925734321472 0.2959774936775931 0.013060181353096098 0.15969692283905718
4 0.2269363093711644 0.517859355636474 0.016372618742328798 0.1712025822406899
2 0.24510408967956182 0.29034017444900995 0.019541512692456957 0.16132551018834243
3 0.24525993627981427 0.512363230117129 0.017603205892961903 0.17956516991167748
36 0.26280110264480183 0.6001358132065483 0.020393871956270307 0.02607807802599999
36 0.26290119071644463 0.37647851072603933 0.01888914457174225 0.033643003318873044
29 0.28207402243855234 0.5106281118006775 0.021439711543771348 0.18254654618199995
29 0.28282435238022846 0.2828650087669682 0.019982038093790244 0.16927840463071064
0 0.3022948432635503 0.28457548661110077 0.01725635319376718 0.16624774741574996
0 0.30238026305730076 0.5138199649506532 0.018302192781268222 0.1760270266754999
0 0.3203000437791739 0.2831578270095121 0.014641754225014576 0.17276726692224992
0 0.32070021903767815 0.5153252184042975 0.016400438075356332 0.16613430777633684
8 0.33827192346979973 0.28457548661110077 0.01621051360626614 0.16624774741574996
9 0.33909796982709217 0.5121900850740282 0.017779272987517702 0.17276726692224992
7 0.3560635901364664 0.507011818100629 0.01621051360626614 0.1695075071689999
3 0.35698025680313306 0.28297956003611285 0.01621051360626614 0.1695075071689999
12 0.3784312067803697 0.5039384747201613 0.022404080227406056 0.16626404621451618
12 0.3786458958750104 0.27967734651601206 0.020916791750020824 0.18580630593524994
36 0.39960422920834376 0.5903819867832217 0.018916771525410873 0.03832488776576748
36 0.40038963649375886 0.35823428263721774 0.017779272987517702 0.03259759753249998
24 0.42015326519032825 0.4954625843082362 0.02459819704732319 0.1693122653906661
24 0.4204042417166792 0.26511028753129834 0.02510015010002499 0.1760270266754999
8 0.44278964274792654 0.4925126657191895 0.019870952162519783 0.17276726692224992
8 0.4433083896208427 0.26670621410628625 0.018825112575018742 0.17276726692224992
1 0.4602219109614643 0.49889637201914105 0.012027155256261976 0.15972822790924993
1 0.46074274429479767 0.26797956003611284 0.012027155256261976 0.1695075071689999
8 0.47924380316042553 0.26362472132643544 0.017779272987517702 0.1695075071689999
8 0.4792479760812599 0.49573847217080236 0.019870952162519783 0.17276726692224992
36 0.4982458896208427 0.35660440276059274 0.018825112575018742 0.029337837779249986
36 0.49828690324940195 0.5813087976999243 0.017240473165470567 0.03358533733533226
5 0.5158517486688883 0.4992610553653226 0.019203497337776616 0.16626404621451618
2 0.5161375500333416 0.26376903499819754 0.01673343340001666 0.16624774741574996
3 0.5341510963906342 0.2586586746280725 0.018302192781268222 0.1760270266754999
4 0.5346281765968837 0.49726649214251606 0.01725635319376718 0.15646846815599993
36 0.5524656828510514 0.35018674315900405 0.01934803236876926 0.035857357285749986
36 0.5535030771504663 0.5744580842060053 0.019589487634265924 0.03052907163781703
29 0.5709125562875094 0.2554328681764596 0.018825112575018742 0.1760270266754999
25 0.5720066818503845 0.4969248891505749 0.019013363700768927 0.17449493959147244
0 0.590961509930217 0.2586586746280725 0.01725635319376718 0.1760270266754999
0 0.592266722954176 0.4925126657191895 0.018825112575018742 0.17276726692224992
0 0.6091906765968836 0.2520287947514475 0.01725635319376718 0.17276726692224992
4 0.6107490036760492 0.49247871241755237 0.015164674018765098 0.16624774741574996
5 0.6281562969062578 0.2573513753966088 0.015687593812515617 0.17276726692224992
8 0.6299865161843847 0.4944651262409757 0.01934803236876926 0.1760270266754999
3 0.6471761026448019 0.26220706172484676 0.020393871956270307 0.1760270266754999
5 0.6484687969062578 0.49123931978936286 0.015687593812515617 0.1760270266754999
12 0.6682729823354276 0.2573513753966088 0.02196263133752186 0.17276726692224992
12 0.669839655256262 0.48478770688613704 0.024054310512523953 0.1760270266754999
24 0.707339655256262 0.26699484144981045 0.024054310512523953 0.16624774741574996
8 0.7310302693114685 0.27022064790142336 0.020393871956270307 0.16624774741574996
1 0.7484646239854235 0.27170621410628626 0.013595914637513537 0.17276726692224992
8 0.7665281828510514 0.25696088814817336 0.01934803236876926 0.15972822790924993
36 0.7848958333333333 0.3403225806451613 0.014583333333333334 0.041935483870967745
3 0.8034656828510514 0.2571731084232096 0.01934803236876926 0.1695075071689999
3 0.8244333896208427 0.25409161564335886 0.018825112575018742 0.16624774741574996
36 0.83984375 0.3370967741935484 0.013020833333333334 0.035483870967741936
29 0.8586761026448019 0.2539473019715967 0.020393871956270307 0.1695075071689999
0 0.8779427630573008 0.2507214955199838 0.018302192781268222 0.1695075071689999
0 0.8974333896208427 0.2540576623417217 0.018825112575018742 0.15972822790924993
1 0.91981879065209 0.27341250105139914 0.013595914637513537 0.15972822790924993
4 0.9396167167000083 0.2766722608046492 0.01673343340001666 0.16624774741574996
12 0.9602031953593868 0.25412556894499594 0.02353139071877343 0.17276726692224992
