27 0.0400820154620547 0.4805646063729215 0.02695569759077606 0.20736297897960923
30 0.0656289944513531 0.4753004387267852 0.0238829889027062 0.1878736047262976
36 0.08398320184075016 0.8178622078355912 0.021091403681500316 0.051308831255597875
36 0.08660087796763424 0.5739239587078506 0.022076755935268474 0.030964800532584342
24 0.10644413466277938 0.7210442647716283 0.025388269325558762 0.18234826980299687
24 0.10795241699569463 0.4715742084204801 0.026238167324722575 0.1769146506071939
8 0.13000216628672834 0.7212050648603924 0.020420999240123344 0.19266986998052493
8 0.13150249515663157 0.46932399807537356 0.0182133236465965 0.1789077364104874
1 0.14783509038171969 0.7232371045244981 0.013378514096772702 0.17374693632172344
1 0.15012815289643805 0.4727975115248751 0.013797972459542805 0.18234826980299687
8 0.168543832953395 0.7192580379613895 0.020420999240123344 0.18578880319550628
8 0.1700042279571944 0.46842945939332115 0.020216789247722116 0.17711865904638252
36 0.18831009375205476 0.8174851857474669 0.023495187504109488 0.03406128058584281
36 0.18936658518511007 0.5658709856068536 0.021524837036886776 0.0378458673176031
4 0.205606332953395 0.7169936295917704 0.020420999240123344 0.1777534929497745
1 0.20641305752451122 0.4688869371628544 0.013784448382355772 0.16855309510492955
3 0.22491470572594657 0.7196317089399978 0.0185794114518931 0.18952315813973583
2 0.22702093794959563 0.47000612866777436 0.020625209232524578 0.17027199759528897
36 0.2451374185184434 0.8157101855180895 0.021524837036886776 0.02752426714007501
36 0.2478912010916853 0.5648897088089385 0.02182406885003727 0.038870326708786256
29 0.26391850408349177 0.7132180518733794 0.02262867483365021 0.19266986998052493
29 0.2662742488991129 0.4594628344966474 0.021090164464892435 0.1786659287335545
0 0.2841794140550133 0.7195177782211297 0.019317161443359925 0.18578880319550628
0 0.28618999515663157 0.4708504846258722 0.0182133236465965 0.1754672030179781
0 0.30344663806352934 0.7207906193448425 0.017309942793725323 0.1753474724559188
0 0.3047057023741074 0.4677975115248751 0.0176614047482148 0.18234826980299687
9 0.3229242879391558 0.7242910180183815 0.01876524254497822 0.18234826980299687
8 0.3247005762582499 0.4626037313791189 0.017109485849833087 0.1754672030179781
7 0.3422839095915832 0.7195837383351138 0.017109485849833087 0.1789077364104874
3 0.3431380762582499 0.4645188032701787 0.017109485849833087 0.1789077364104874
12 0.36450150854692187 0.7132180518733794 0.02483635042717703 0.19266986998052493
12 0.3658191346627794 0.462636711436111 0.025388269325558762 0.17202666962546873
36 0.38334095460582246 0.5756442254041053 0.01876524254497822 0.034405333925093734
36 0.3846647713713912 0.8160903160251561 0.02037120940944909 0.041271541141221536
24 0.40703772022782775 0.470751544454896 0.026492107122322174 0.18578880319550628
24 0.40721032551625114 0.7127274570166202 0.025962317699168926 0.17870166727999381
8 0.43128870683753745 0.4757845245118881 0.01986908034174164 0.18234826980299687
8 0.4307989590692525 0.717797511524875 0.020972918138505048 0.18234826980299687
1 0.45009706733138966 0.4740642578156333 0.012694134662779381 0.1789077364104874
1 0.449055400664723 0.715656704480116 0.012694134662779381 0.16858613623295918
8 0.4687576212724891 0.47081750456888005 0.01876524254497822 0.1789077364104874
8 0.46881979240258587 0.7145507582781218 0.020972918138505048 0.18234826980299687
36 0.48858037350420414 0.5739239587078506 0.01986908034174164 0.030964800532584342
36 0.48722328148674526 0.8164252236754777 0.018196562973490444 0.03544784994835798
2 0.5071848690407741 0.47364269241808 0.0176614047482148 0.1754672030179781
5 0.5061550577616387 0.7133915534918209 0.02026844885661064 0.17548440568494053
3 0.5268460807216799 0.4760112847146363 0.019317161443359925 0.18578880319550628
4 0.5268566618232983 0.7139364377838613 0.0182133236465965 0.16514560284044985
36 0.5461479996200617 0.5741177388536068 0.020420999240123344 0.0378458673176031
36 0.545754589005981 0.8115655932560741 0.020675844678628506 0.03222209560305744
29 0.5651428735042041 0.4695177782211298 0.01986908034174164 0.18578880319550628
25 0.5662838855725796 0.7089689931336304 0.020067771145159057 0.18417175250102685
0 0.5856691618232982 0.4792580379613895 0.0182133236465965 0.18578880319550628
0 0.5875387068375375 0.7113040050313685 0.01986908034174164 0.18234826980299687
0 0.6044191618232982 0.4807845245118881 0.0182133236465965 0.18234826980299687
4 0.6064403240265348 0.7078634716388591 0.016005648053069657 0.1754672030179781
5 0.6233829501423923 0.4742910180183816 0.01655756695145136 0.18234826980299687
8 0.6258354996200617 0.7162710249743764 0.020420999240123344 0.18578880319550628
3 0.6440957518517767 0.4792580379613895 0.021524837036886776 0.18578880319550628
5 0.6452579501423923 0.7130242717276232 0.01655756695145136 0.18578880319550628
12 0.6652361301993494 0.4742910180183816 0.0231805937320319 0.18234826980299687
12 0.667423301329446 0.7112710249743764 0.025388269325558762 0.18578880319550628
36 0.6861215203746472 0.5617041096793891 0.014784707415960994 0.038992634943193785
24 0.7085274679961127 0.4708504846258722 0.025388269325558762 0.1754672030179781
8 0.73211658518511 0.4708504846258722 0.021524837036886776 0.1754672030179781
1 0.7514457790122956 0.4710442647716283 0.014349891357924523 0.18234826980299687
8 0.7706271662867283 0.4674099512333627 0.020420999240123344 0.16858613623295918
36 0.7877214095915832 0.5660977458096016 0.017109485849833087 0.04128640071011246
3 0.8076479996200617 0.47081750456888005 0.020420999240123344 0.1789077364104874
3 0.8277262068375375 0.4658504846258722 0.01986908034174164 0.1754672030179781
36 0.8467422429249165 0.5662915259553578 0.017109485849833087 0.04816746749513123
29 0.8665332518517768 0.46607724482862034 0.021524837036886776 0.1789077364104874
0 0.88678358072168 0.46932399807537356 0.019317161443359925 0.1789077364104874
0 0.9062887068375375 0.4674099512333627 0.01986908034174164 0.16858613623295918
1 0.9244041123456289 0.4609164447398562 0.014349891357924523 0.16858613623295918
4 0.9427682023741074 0.4626037313791189 0.0176614047482148 0.1754672030179781
12 0.9656265085469219 0.4613040050313686 0.02483635042717703 0.18234826980299687
