27 0.03678130863360092 0.4582997049901768 0.026687617267201848 0.2053007086816523
30 0.062343567003753285 0.4581324503943982 0.023881922014248297 0.18786521213434673
36 0.07971165585674196 0.7998797963192201 0.020881645046817245 0.05079855367740148
36 0.08124109887817338 0.5640297231018535 0.021857197756346744 0.030656848801109703
24 0.10215122204323272 0.6974102452794579 0.02513577741979877 0.1805347762732017
24 0.10309277816516133 0.46095422118253493 0.02597722299698932 0.17515519561182308
8 0.12573395396231038 0.7057664733263962 0.020217907924620738 0.19075372587357164
8 0.12516192740782636 0.46694085324649587 0.018032188148986068 0.17712845973974503
1 0.14360189758683975 0.702892609352897 0.013245461840346131 0.17201898493956017
1 0.14380954096552503 0.460397258266471 0.01366074859771672 0.1805347762732017
8 0.16375478729564372 0.7056069100396929 0.020217907924620738 0.18394109280665843
8 0.16365369775602062 0.46105521094779717 0.020015728845374545 0.1753571751423476
36 0.183505761356096 0.7978352928146364 0.023261522712192027 0.033722533681220704
36 0.18253038390621903 0.5609425331418038 0.02131076781243809 0.037469481868023
4 0.20081728729564371 0.6933824581312902 0.020217907924620738 0.17598569548335954
1 0.2000945128435548 0.46655528192318774 0.013647359020442968 0.16687679761260915
3 0.22113481756539036 0.7009620115288931 0.0183946351307807 0.18763830877207213
2 0.22018921016860013 0.4644191727502546 0.02042008700386695 0.16857860524076895
36 0.24034288390621902 0.796092798601359 0.02131076781243809 0.027250532267653102
36 0.24049101184979457 0.558202915353994 0.021607023699589153 0.0384837527859102
29 0.25911848051679437 0.6927794603393832 0.02240362770025543 0.19075372587357164
29 0.25939854241057847 0.45708089208295594 0.020880418154490273 0.17688905689318454
0 0.2798750240184017 0.6958666502994332 0.01912504803680341 0.18394109280665843
0 0.27984942740782637 0.4634844482265209 0.018032188148986068 0.17372214320628854
0 0.29867306247506487 0.6971914120850725 0.01713779161679637 0.17360360339092423
0 0.29884704576920534 0.4571505050197177 0.01748575820507741 0.1805347762732017
9 0.3176226423797807 0.6989037517729645 0.018578618092894746 0.1805347762732017
8 0.3178446641305844 0.4569909417330144 0.016939328261168746 0.17372214320628854
7 0.33651133079725104 0.69596682727247 0.016939328261168746 0.17712845973974503
3 0.336761330797251 0.45888890519454784 0.016939328261168746 0.17712845973974503
12 0.35969050707127836 0.6945327070926299 0.02458934747589008 0.19075372587357164
12 0.3594428887098994 0.4520410302195328 0.02513577741979877 0.17031582667283188
36 0.37899764237978073 0.5592393748750755 0.018578618092894746 0.03406316533456636
36 0.3819176399656988 0.7931578160344026 0.020168613264730798 0.04086108661425981
24 0.40217681865380805 0.4685939230267059 0.0262286373076161 0.18394109280665843
24 0.40243539171155934 0.6923583239020752 0.025704116756452036 0.17692444001194252
8 0.4254607389903561 0.4636440115132242 0.01967147798071208 0.1805347762732017
8 0.426528002267598 0.6974102452794579 0.020764337868529402 0.1805347762732017
1 0.444304777688283 0.46194085324649586 0.012567888709899385 0.17712845973974503
1 0.444304777688283 0.6970911187060511 0.012567888709899385 0.16690951013937505
8 0.46241430904644737 0.46194085324649586 0.018578618092894746 0.17712845973974503
8 0.46454883560093135 0.6941634920327048 0.020764337868529402 0.1805347762732017
36 0.4817524056570227 0.5607829698551002 0.01967147798071208 0.030656848801109703
36 0.483966130415558 0.7935216826277105 0.018015594164449453 0.035095313307369036
2 0.5003678791025387 0.461536396278469 0.01748575820507741 0.17372214320628854
5 0.5024084373440622 0.6897916653165558 0.020066874688124382 0.17373917478895565
3 0.5205000240184018 0.46210041653319933 0.01912504803680341 0.18394109280665843
4 0.5215994274078263 0.6903879604393229 0.018032188148986068 0.16350319360591847
36 0.5403172872956437 0.5609425331418038 0.020217907924620738 0.037469481868023
36 0.5414851094346779 0.788678092625472 0.02047021886935568 0.031901639796398484
29 0.5593149056570227 0.4523601567929396 0.02026754343500564 0.189514691859793
25 0.5604965963802595 0.6885726594205642 0.019868192760519196 0.18234012403593378
0 0.579328594074493 0.4603471697799526 0.018032188148986068 0.18394109280665843
0 0.5827524056570227 0.6876699855391982 0.01967147798071208 0.1805347762732017
0 0.598078594074493 0.4668907647599775 0.018032188148986068 0.1805347762732017
4 0.601194067520009 0.6892636690057417 0.015846468373351394 0.17372214320628854
5 0.6170506158252967 0.460397258266471 0.016392898317260058 0.1805347762732017
8 0.6210464539623104 0.6926198970526799 0.020217907924620738 0.18394109280665843
3 0.637217883906219 0.46210041653319933 0.02131076781243809 0.18394109280665843
5 0.6399672824919633 0.6893731438059266 0.016392898317260058 0.18394109280665843
12 0.6588708621554153 0.460397258266471 0.022950057644164076 0.1805347762732017
12 0.6630887220432327 0.6893731438059266 0.02513577741979877 0.18394109280665843
36 0.6793188351293077 0.5340426820593127 0.014637670258615185 0.03860484463810595
24 0.7000678887098993 0.43426366900574165 0.02513577741979877 0.17372214320628854
8 0.7241970505728856 0.4375104222524949 0.02131076781243809 0.17372214320628854
1 0.7430410892708127 0.4376699855391982 0.014207178541625393 0.1805347762732017
8 0.7616714539623104 0.4341041057190382 0.020217907924620738 0.16690951013937505
36 0.7792196641305844 0.5351781589409995 0.016939328261168746 0.04087579840147962
3 0.7996922872956437 0.43421358051922315 0.020217907924620738 0.17712845973974503
3 0.819773238990356 0.4325104222524949 0.01967147798071208 0.17372214320628854
36 0.8388446641305843 0.5303377222277029 0.016939328261168746 0.04768843146839291
29 0.8575720505728857 0.42772007402571666 0.02131076781243809 0.17712845973974503
0 0.8778333573517351 0.4359668272724699 0.01912504803680341 0.17712845973974503
0 0.897335738990356 0.4373508589657914 0.01967147798071208 0.16690951013937505
1 0.9154785892708127 0.4326105992255317 0.014207178541625393 0.16690951013937505
4 0.9343053791025386 0.43426366900574165 0.01748575820507741 0.17372214320628854
12 0.9566488404046117 0.4279297257989385 0.02458934747589008 0.1805347762732017
