27 0.03371131910890119 0.542817939760102 0.026714304884469048 0.20550600939033392
30 0.06075122307075704 0.5343942841434939 0.024617861077255648 0.19365441737952516
36 0.0786804300125987 0.8875675332583965 0.02090252669186406 0.05084935223107887
36 0.08073119414371821 0.6437203762015787 0.021879054954103087 0.03068750564991081
24 0.10112212326527595 0.7834096035766854 0.026708816366370146 0.1918329442011452
24 0.1000224334433265 0.5289638767024187 0.026003200219986304 0.1753303508074349
8 0.12470239624960601 0.7835241878516707 0.020238125832545355 0.1909444795994452
8 0.12360844350190085 0.5334579889049372 0.01805022033713505 0.17730558819948475
1 0.14356685365109323 0.7856409565077044 0.013258707302186475 0.1721910039244997
1 0.14225387133982387 0.5384096035766854 0.013674409346314436 0.18071531104947489
8 0.16272322958293936 0.7851144650016806 0.020238125832545355 0.18412503389946508
8 0.16210120562044328 0.5325714609639398 0.020035744574219916 0.17553253231748994
36 0.18247572545078544 0.8822677384970613 0.023284784234904217 0.03375625621490192
36 0.18245770595679195 0.6323898393113092 0.021332078580250526 0.037506951349891016
4 0.2003065629162727 0.7811327886413695 0.020238125832545355 0.17616168117884287
1 0.19953883652306506 0.5330672917505654 0.01366100637946341 0.16704367441022175
3 0.22114401488295574 0.7804714150988636 0.01841302976591148 0.18782594708084419
2 0.21963692021210207 0.5341787867281996 0.020440507090870814 0.1687471838460097
36 0.24035353929012526 0.877275255036324 0.021332078580250526 0.02727778279992075
36 0.23998098202831103 0.6296507286589584 0.02162863072328874 0.03852223653869611
29 0.25912968233064454 0.7772904216179044 0.022426031327955682 0.1909444795994452
29 0.25888814928632237 0.5235979080399739 0.02090129857264476 0.1770659459500777
0 0.2804054198757534 0.7786209585081741 0.01914417308484021 0.18412503389946508
0 0.27933761016856756 0.5249998807266955 0.01805022033713505 0.1738958653494948
0 0.2992024647042066 0.7816937983023523 0.017154929408413164 0.17377720699431515
0 0.2988557886483079 0.5286693438364257 0.017503243963282487 0.18071531104947489
9 0.3186735983554938 0.7751628503299322 0.018597196710987637 0.18071531104947489
8 0.3173739671280483 0.5185063742331889 0.01695626758942991 0.1738958653494948
7 0.33804063379471494 0.772224222671171 0.01695626758942991 0.17730558819948475
3 0.3367698004613816 0.5171592876062359 0.01695626758942991 0.17730558819948475
12 0.36022363507834965 0.770796915124398 0.024613936823365965 0.1909444795994452
12 0.3594554565986093 0.5203080063146874 0.025160913197218568 0.1704861424995047
36 0.38052776502216046 0.6176979648993011 0.018597196710987637 0.03409722849990092
36 0.38288605760566446 0.8711003244997877 0.020188781877995526 0.04090194770087406
24 0.40118993297246186 0.5103742052614209 0.02625486594492371 0.18412503389946508
24 0.40292741043660424 0.7653688640441589 0.025729820873208485 0.17710136445195443
8 0.4259914080626797 0.513929084096166 0.01969114945869279 0.18071531104947489
8 0.42705921776986566 0.7621758373429192 0.02078510220639793 0.18071531104947489
1 0.444311061632638 0.5137177291646774 0.012580456598609284 0.17730558819948475
1 0.44535272829930467 0.7668498981364456 0.012580456598609284 0.16707641964951442
8 0.46446526502216046 0.512224222671171 0.018597196710987637 0.17730558819948475
8 0.4656008844365323 0.7606823308494127 0.02078510220639793 0.18071531104947489
36 0.48319974139601307 0.6127463502275527 0.01969114945869279 0.03068750564991081
36 0.4851001382126403 0.8649678017129356 0.0180336097586139 0.0351304086206764
2 0.5024182886483078 0.5068180625448773 0.017503243963282487 0.1738958653494948
5 0.5035434707814062 0.7630603530857684 0.020086941562812505 0.1739129139637446
3 0.5225512532090868 0.5091404390276546 0.01914417308484021 0.18412503389946508
4 0.5241292768352342 0.7651450367114505 0.01805022033713505 0.16366669679952436
36 0.5408482295829393 0.6096625665840365 0.020238125832545355 0.037506951349891016
36 0.5430995112107792 0.8601226148739416 0.020490689088225034 0.03193354143619488
29 0.5603664080626798 0.5076469325341482 0.01969114945869279 0.18412503389946508
25 0.5635898638099731 0.7600924009111536 0.019888060953279715 0.1825224641599697
0 0.5814209435019009 0.515633945521161 0.01805022033713505 0.18412503389946508
0 0.5848455747293464 0.7624355776026595 0.01969114945869279 0.18071531104947489
0 0.6001709435019009 0.5121758373429193 0.01805022033713505 0.18071531104947489
4 0.6037644907541957 0.7590258547526695 0.015862314841724744 0.1738958653494948
5 0.619662978941122 0.5091888243559063 0.016409291215577316 0.18071531104947489
8 0.6236607295829393 0.7541404390276546 0.020238125832545355 0.18412503389946508
3 0.6398327059567919 0.5041404390276546 0.021332078580250526 0.18412503389946508
5 0.643100478941122 0.7544001792873949 0.016409291215577316 0.18412503389946508
12 0.6614865038509041 0.4991888243559063 0.022973007701808237 0.18071531104947489
12 0.6652262899319427 0.7526469325341482 0.025160913197218568 0.18412503389946508
36 0.6832011539644369 0.5987373091569564 0.014652307928873799 0.03864344948274405
24 0.7052887899319427 0.5005193612461759 0.025160913197218568 0.1738958653494948
8 0.7294160392901252 0.5040258547526695 0.021332078580250526 0.1738958653494948
1 0.7482565261934168 0.5056823308494127 0.014221385720167018 0.18071531104947489
8 0.7679315629162726 0.5006161319026793 0.020238125832545355 0.16707641964951442
36 0.787728133794715 0.5916271682687717 0.01695626758942991 0.04091667419988109
3 0.8059523962496059 0.49397746942441767 0.020238125832545355 0.17730558819948475
3 0.8260330747293464 0.4907791015059162 0.01969114945869279 0.1738958653494948
36 0.8450198004613816 0.5967901378720086 0.01695626758942991 0.0477361198998613
29 0.8638327059567918 0.49248396293091123 0.021332078580250526 0.17730558819948475
0 0.8851345865424202 0.49248396293091123 0.01914417308484021 0.17730558819948475
0 0.9036372413960131 0.4956161319026793 0.01969114945869279 0.16707641964951442
1 0.9222565261934168 0.48912262540917284 0.014221385720167018 0.16707641964951442
4 0.9411266219816412 0.4907791015059162 0.017503243963282487 0.1738958653494948
12 0.9649528017450163 0.4862018113688933 0.024613936823365965 0.18071531104947489
