27 0.038171547360720266 0.47729293633240355 0.026343094721440533 0.20265038879383934
30 0.06375344197690247 0.4738987420019587 0.024047449211155838 0.18916731846994592
36 0.08061853721381759 0.8268455796117761 0.02061207442763518 0.050142772126778014
36 0.08370418330923186 0.5714208654039833 0.021575033285130375 0.03026108564667635
24 0.10250981080561664 0.7245859564829558 0.024811288277899933 0.17820417103042752
24 0.10500843562640153 0.4703179866488145 0.02564187125280304 0.17289403781375812
8 0.12612428622770613 0.7246294707574018 0.019956905788745587 0.18829119957931967
8 0.12812886789678293 0.47306607538072093 0.017799402460232556 0.17484182818079674
1 0.1450372350853945 0.7286088343725302 0.01307447017078901 0.16979831390635072
1 0.14580469790160325 0.4747472468055363 0.013484395803206484 0.17820417103042752
8 0.16514511956103947 0.7244929343593839 0.019956905788745587 0.18156651388005826
8 0.16560783503209575 0.47219186623981696 0.01975733673085815 0.17309340989898883
36 0.18387644792018334 0.8248694035572849 0.022961229173700005 0.033287194211344
36 0.18495532872650106 0.5701057888987754 0.021035657453002118 0.03698577134593778
4 0.20120761956103947 0.7173407791607829 0.019956905788745587 0.17371381638608188
1 0.20308975620569353 0.46768383534814706 0.013471179078053732 0.16472250940597158
3 0.22253691855817495 0.7198660649206526 0.01815717044968324 0.18521600080904735
2 0.2226199040899832 0.4688463351044344 0.020156474846633052 0.16640234762822376
36 0.24072616205983438 0.8181267907533616 0.021035657453002118 0.026898742797045676
36 0.2414348777526568 0.5673805710646397 0.021328088838646887 0.03798694858089242
29 0.25949470455862933 0.7135004384993373 0.02211440911725864 0.18829119957931967
29 0.2603470983535753 0.46327049988252217 0.02061086337381727 0.17460551589407658
0 0.2802724103955779 0.7198155150045452 0.018878154124489076 0.18156651388005826
0 0.28129553456344963 0.46461071040751856 0.017799402460232556 0.1714794853311662
0 0.2985624427157692 0.7211651088677414 0.016916552098205032 0.17136247579999903
0 0.30029667998071885 0.46652144035392346 0.017260026628104306 0.17820417103042752
9 0.3180235558128471 0.7228117629345686 0.01833877829236083 0.17820417103042752
8 0.31881865873132137 0.46638490395590565 0.016720650795976056 0.1714794853311662
7 0.3374019920646547 0.7200015592516886 0.016720650795976056 0.17484182818079674
3 0.33825615873132137 0.4646789786065274 0.016720650795976056 0.17484182818079674
12 0.3595317895562192 0.7135004384993373 0.02427191244577166 0.18829119957931967
12 0.36084314413894997 0.4632521196278645 0.024811288277899933 0.1681171424815354
36 0.37991938914618045 0.56842461747396 0.01833877829236083 0.03362342849630707
36 0.3813082904146466 0.8104893768098997 0.019908247495959826 0.040333592329477065
24 0.40304918663774486 0.4646542246819646 0.025890039942156443 0.18156651388005826
24 0.403790311998913 0.7066750598277372 0.025372290664492814 0.17464044223611935
8 0.4273754316449754 0.4647472468055363 0.01941752995661734 0.17820417103042752
8 0.4274356408104369 0.7116827306765041 0.020496281620873844 0.17820417103042752
1 0.445265322069475 0.4680660753807209 0.012405644138949967 0.17484182818079674
1 0.445265322069475 0.7114096578804684 0.012405644138949967 0.16475479963190456
8 0.4633360558128471 0.4680660753807209 0.01833877829236083 0.17484182818079674
8 0.4654564741437702 0.7052311177732782 0.020496281620873844 0.17820417103042752
36 0.4831462649783087 0.5667434460491446 0.01941752995661734 0.03026108564667635
36 0.4833706780141479 0.8076437066467481 0.01778302269496249 0.03464225200317366
2 0.5012966799807188 0.4629978071817122 0.017260026628104306 0.1714794853311662
5 0.5027164111543727 0.7075223420710942 0.01980782230874534 0.1714962970454142
3 0.5214182437289112 0.46320261177873884 0.018878154124489076 0.18156651388005826
4 0.522003867896783 0.7065026800040403 0.017799402460232556 0.16139245678227393
36 0.5401867862277061 0.5668799824471624 0.019956905788745587 0.03698577134593778
36 0.5413529797685755 0.8028416777289908 0.020205959537151114 0.03148980707088488
29 0.5587087649783087 0.4635251924239001 0.01941752995661734 0.18156651388005826
25 0.5618891859614251 0.6996705257252046 0.01961170525618351 0.17998621274073182
0 0.5797330345634496 0.4714284182303517 0.017799402460232556 0.18156651388005826
0 0.5826254316449753 0.6987795048700525 0.01941752995661734 0.17820417103042752
0 0.5984830345634496 0.4729730532571492 0.017799402460232556 0.17820417103042752
4 0.6020917828991931 0.6954171620204217 0.01564189913171952 0.1714794853311662
5 0.6174656374819238 0.46329563390231054 0.016181274963847782 0.17820417103042752
8 0.6214367862277062 0.7069122891980936 0.019956905788745587 0.18156651388005826
3 0.6376011620598344 0.46497680532712593 0.021035657453002118 0.18156651388005826
5 0.6403823041485905 0.7004606762948677 0.016181274963847782 0.18156651388005826
12 0.6592435591413601 0.46329563390231054 0.022653784949386885 0.17820417103042752
12 0.6624473108056166 0.7004606762948677 0.024811288277899933 0.18156651388005826
36 0.6806618529698285 0.5448596902146488 0.014448705939657027 0.03810647720349103
24 0.69990564413895 0.45025587169784115 0.024811288277899933 0.1714794853311662
8 0.7235386620598344 0.45025587169784115 0.021035657453002118 0.1714794853311662
1 0.7429493858176675 0.4536182145474718 0.014023771635334747 0.17820417103042752
8 0.7615409528943728 0.4468935288482103 0.019956905788745587 0.16475479963190456
36 0.7781519920646547 0.5459805087106874 0.016720650795976056 0.04034811419556848
3 0.7995617862277061 0.45516284957426933 0.019956905788745587 0.17484182818079674
3 0.8191254316449753 0.44703006524622824 0.01941752995661734 0.1714794853311662
36 0.8381311587313214 0.5428912386570924 0.016720650795976056 0.04707279989482992
29 0.8559136620598344 0.44225962376781774 0.021035657453002118 0.17484182818079674
0 0.8761890770622446 0.44548543021943066 0.018878154124489076 0.17484182818079674
0 0.8956879316449753 0.4468935288482103 0.01941752995661734 0.16475479963190456
1 0.9148243858176675 0.44044191594498455 0.014023771635334747 0.16475479963190456
4 0.9336716799807188 0.4438042587946154 0.017260026628104306 0.1714794853311662
12 0.9564484562228859 0.4374891822894073 0.02427191244577166 0.17820417103042752
