27 0.05855207323306712 0.4268741256546208 0.025437479799467574 0.1956837351802093
30 0.0831439171875 0.4305815114683703 0.022537834375 0.17729205519480523
36 0.10082291666666666 0.7740385421030582 0.019704443995596208 0.04793478932093091
36 0.10260416666666668 0.5307394218684541 0.020833333333333332 0.02922077922077922
24 0.12235416666666667 0.6781357352325094 0.025180449116979167 0.18085562550422082
24 0.12335934805596355 0.43363645982793775 0.02476036277859375 0.16695033901071427
8 0.14509375 0.6762316715542522 0.019270833333333334 0.18181818181818182
8 0.14605208333333333 0.43312526183493927 0.0171875 0.16883116883116883
1 0.16380208333333332 0.42974863845831585 0.013020833333333334 0.17207792207792208
1 0.16404166666666667 0.6740772936740679 0.012625 0.16396103896103897
8 0.1829765625 0.4305069124423963 0.019078125 0.16714285714285715
8 0.18351041666666668 0.679759111855886 0.019270833333333334 0.17532467532467533
36 0.20219010416666666 0.7726843317972351 0.022171875 0.03214285714285714
36 0.20278125 0.5275345622119816 0.0203125 0.03571428571428571
1 0.21952486881770833 0.4279169612384793 0.013008070968749999 0.15905972892857143
4 0.2195703125 0.6741307080016757 0.016307291666666668 0.17051948051948052
3 0.23793315104166665 0.6732953183912861 0.017532968750000003 0.1788487012987013
2 0.23837760416666665 0.4287280058651026 0.019463541666666667 0.16068181818181818
36 0.2559895833333333 0.7710515291160452 0.0203125 0.025974025974025976
36 0.2572141058007401 0.5280179417457672 0.02059487826814687 0.036681044781857144
29 0.27469791666666665 0.6668768328445748 0.021354166666666667 0.18181818181818182
29 0.2760553213480934 0.4247853611760326 0.019902309362853525 0.16860298041658134
0 0.29453124999999997 0.6700816925010473 0.018229166666666668 0.17532467532467533
0 0.2955729166666667 0.42972769166317554 0.0171875 0.16558441558441558
0 0.3138020833333333 0.4290322580645161 0.015104166666666667 0.16774193548387098
0 0.31389666666666666 0.6716066820276497 0.016335000000000002 0.16547142857142857
9 0.33177083333333335 0.6713615416841223 0.017708333333333333 0.17207792207792208
8 0.33351041666666664 0.4265018852115626 0.016145833333333335 0.16558441558441558
7 0.35026041666666663 0.6732865521575199 0.016145833333333335 0.16883116883116883
3 0.35178125 0.4248994553833264 0.016145833333333335 0.16883116883116883
12 0.37161458333333336 0.6612903225806451 0.0234375 0.1935483870967742
12 0.3731770833333333 0.4161290322580645 0.0234375 0.18064516129032257
36 0.39166666666666666 0.5323627984918308 0.017708333333333333 0.032467532467532464
36 0.39175000000000004 0.7759426057813155 0.020833333333333332 0.04220779220779221
24 0.4127708582083333 0.6746409336808756 0.024500049750000003 0.16863670607142855
24 0.41458333333333336 0.4360494344365312 0.025 0.17532467532467533
8 0.43697916666666664 0.6795873481357352 0.019791666666666666 0.17207792207792208
8 0.4369791666666667 0.43120025136154166 0.01875 0.17207792207792208
1 0.45438541666666665 0.6766422287390029 0.011979166666666667 0.1590909090909091
1 0.4549479166666667 0.43780268118977794 0.011979166666666667 0.16883116883116883
8 0.47491666666666665 0.4345768747381651 0.017708333333333333 0.16883116883116883
8 0.4734375 0.6763615416841223 0.019791666666666666 0.17207792207792208
36 0.49283584166666666 0.7780159881650607 0.017171683333333333 0.033451331168831165
36 0.49375 0.5307394218684541 0.01875 0.02922077922077922
5 0.5100842708333333 0.673122905320486 0.019126874999999998 0.16560064935064936
2 0.5114583333333333 0.43440511101801427 0.016666666666666666 0.16558441558441558
4 0.5304270833333333 0.6764704650188521 0.0171875 0.15584415584415584
3 0.53046875 0.4342752408881441 0.018229166666666668 0.17532467532467533
36 0.54725566259375 0.7700423396936532 0.019511325187499998 0.03040726003246753
36 0.5497395833333334 0.5386635944700461 0.019270833333333334 0.03571428571428571
29 0.5671875000000001 0.4281462086300796 0.01875 0.17532467532467533
25 0.5672812500000001 0.6707703183912861 0.0189375 0.1737987012987013
0 0.5872395833333333 0.4360494344365312 0.0171875 0.17532467532467533
0 0.5875 0.6716841223292837 0.01875 0.17207792207792208
0 0.60646875 0.4376518642647675 0.0171875 0.17207792207792208
4 0.6059895833333333 0.6684373690825304 0.015104166666666667 0.16558441558441558
5 0.6239583333333333 0.43120025136154166 0.015625 0.17207792207792208
8 0.6252604166666667 0.6715333054042731 0.019270833333333334 0.17532467532467533
5 0.64375 0.6715333054042731 0.015625 0.17532467532467533
3 0.6440104166666667 0.4328236279849183 0.0203125 0.17532467532467533
12 0.6645833333333334 0.43120025136154166 0.021875 0.17207792207792208
12 0.665625 0.6683074989526603 0.023958333333333335 0.17532467532467533
36 0.6851009963541667 0.524849845046083 0.013951992708333336 0.03679646428571428
24 0.7046875 0.42795349811478844 0.023958333333333335 0.16558441558441558
8 0.7278645833333333 0.43117930456640136 0.0203125 0.16558441558441558
1 0.7463541666666667 0.43120025136154166 0.013541666666666667 0.17207792207792208
8 0.7643229166666666 0.4279325513196481 0.019270833333333334 0.1590909090909091
36 0.78203125 0.5291579388353581 0.016145833333333335 0.03896103896103896
3 0.8018229166666667 0.43280268118977794 0.019270833333333334 0.16883116883116883
3 0.8223958333333333 0.43440511101801427 0.01875 0.16558441558441558
36 0.83984375 0.5291788856304985 0.016145833333333335 0.045454545454545456
29 0.8585937499999999 0.4295768747381651 0.0203125 0.16883116883116883
0 0.8783854166666667 0.4263510682865521 0.018229166666666668 0.16883116883116883
0 0.8963541666666667 0.431158357771261 0.01875 0.1590909090909091
1 0.9145833333333333 0.42470674486803517 0.013541666666666667 0.1590909090909091
4 0.9333333333333333 0.43117930456640136 0.016666666666666666 0.16558441558441558
12 0.9544270833333334 0.421522832006703 0.0234375 0.17207792207792208
