27 0.06580207323306712 0.38530940005763714 0.025437479799467574 0.1956837351802093
30 0.0893939171875 0.38085381980519484 0.022537834375 0.17729205519480523
36 0.10707291666666667 0.714025974025974 0.019119202304483007 0.04651107814330994
36 0.1078125 0.48214285714285715 0.020833333333333332 0.02922077922077922
24 0.1285260147226302 0.38217646820665585 0.02476036277859375 0.16695033901071427
24 0.12860416666666669 0.6235064935064935 0.023958333333333335 0.17207792207792208
8 0.15021875 0.38662337662337665 0.0171875 0.16883116883116883
8 0.15134375 0.6216233766233766 0.019270833333333334 0.18181818181818182
1 0.16829166666666667 0.6176948051948052 0.012625 0.16396103896103897
1 0.16844791666666667 0.3832467532467532 0.013020833333333334 0.17207792207792208
8 0.18662239583333334 0.37902597402597404 0.019078125 0.16714285714285715
8 0.18776041666666668 0.6201298701298701 0.019270833333333334 0.17532467532467533
36 0.20542708333333334 0.4788961038961039 0.0203125 0.03571428571428571
36 0.2063984375 0.7108766233766233 0.022171875 0.03214285714285714
1 0.22264986881770835 0.3847246696590909 0.013008070968749999 0.15905972892857143
4 0.22377864583333335 0.6144805194805195 0.016307291666666668 0.17051948051948052
2 0.2415026041666667 0.38228896103896104 0.019463541666666667 0.16068181818181818
3 0.243141484375 0.6153983766233766 0.017532968750000003 0.1788487012987013
36 0.2608182724674068 0.4793794834298896 0.02059487826814687 0.036681044781857144
36 0.26119791666666664 0.7142857142857143 0.0203125 0.025974025974025976
29 0.27890625 0.6103896103896104 0.021354166666666667 0.18181818181818182
29 0.27918032134809345 0.38150928241608284 0.019902309362853525 0.16860298041658134
0 0.29817708333333337 0.3782467532467533 0.0171875 0.16558441558441558
0 0.29921875 0.6103896103896104 0.018229166666666668 0.17532467532467533
0 0.31692708333333336 0.3782467532467532 0.0171875 0.1590909090909091
0 0.31758416666666667 0.6219564935064935 0.016335000000000002 0.16547142857142857
9 0.3359375 0.6185064935064934 0.017708333333333333 0.17207792207792208
8 0.3361145833333333 0.38 0.016145833333333335 0.16558441558441558
3 0.3538645833333333 0.37337662337662336 0.016145833333333335 0.16883116883116883
7 0.35442708333333334 0.6136363636363636 0.016145833333333335 0.16883116883116883
12 0.3749166666666667 0.3782467532467532 0.021679250208333334 0.19257931353896104
12 0.3765625 0.6103896103896104 0.025 0.17532467532467533
36 0.39479166666666665 0.47077922077922074 0.017708333333333333 0.032467532467532464
36 0.39795833333333336 0.7159090909090908 0.020833333333333332 0.04220779220779221
24 0.41770833333333335 0.37987012987012986 0.025 0.17532467532467533
24 0.41897919154166663 0.6135391322564936 0.024500049750000003 0.16863670607142855
8 0.4395833333333334 0.375 0.01875 0.17207792207792208
8 0.4411875 0.6185064935064934 0.019791666666666666 0.17207792207792208
1 0.4585520833333333 0.3798701298701299 0.011979166666666667 0.16883116883116883
1 0.45959374999999997 0.6187662337662339 0.011979166666666667 0.1590909090909091
8 0.477 0.37837662337662337 0.017708333333333333 0.16883116883116883
8 0.4776458333333333 0.6152597402597403 0.019791666666666666 0.17207792207792208
36 0.49531250000000004 0.46915584415584416 0.01875 0.02922077922077922
36 0.49756500833333334 0.7097776136363636 0.017171683333333333 0.033451331168831165
2 0.5125416666666667 0.375 0.016666666666666666 0.16558441558441558
5 0.5147717708333334 0.6152678571428571 0.019126874999999998 0.16560064935064936
3 0.5320312500000001 0.37987012987012986 0.018229166666666668 0.17532467532467533
4 0.5341145833333333 0.6168831168831169 0.0171875 0.15584415584415584
36 0.55078125 0.47214285714285714 0.019270833333333334 0.03571428571428571
36 0.5514223292604167 0.7067620715746754 0.019511325187499998 0.03040726003246753
29 0.56875 0.37188311688311687 0.01875 0.17532467532467533
25 0.5714479166666667 0.6128733766233766 0.0189375 0.1737987012987013
0 0.58928125 0.37662337662337664 0.0171875 0.17532467532467533
0 0.5911458333333334 0.6087662337662337 0.01875 0.17207792207792208
0 0.6075104166666666 0.3764935064935065 0.0171875 0.17207792207792208
4 0.6096354166666667 0.6155194805194805 0.015104166666666667 0.16558441558441558
5 0.626 0.375 0.015625 0.17207792207792208
8 0.62890625 0.6136363636363636 0.019270833333333334 0.17532467532467533
3 0.64453125 0.37337662337662336 0.0203125 0.17532467532467533
5 0.6473958333333333 0.6103896103896104 0.015625 0.17532467532467533
12 0.6651041666666667 0.3717532467532467 0.021875 0.17207792207792208
12 0.6682291666666667 0.6071428571428571 0.023958333333333335 0.17532467532467533
36 0.6851009963541667 0.46645018019480516 0.013951992708333336 0.03679646428571428
24 0.7041666666666666 0.3717532467532468 0.023958333333333335 0.16558441558441558
8 0.7268229166666667 0.3717532467532468 0.0203125 0.16558441558441558
1 0.7453124999999999 0.3717532467532467 0.013541666666666667 0.17207792207792208
8 0.7638020833333333 0.3717532467532467 0.019270833333333334 0.1590909090909091
36 0.7825520833333334 0.4707792207792208 0.016145833333333335 0.03896103896103896
3 0.8002604166666667 0.37662337662337664 0.019270833333333334 0.16883116883116883
3 0.8208333333333333 0.375 0.01875 0.16558441558441558
36 0.8377604166666667 0.47077922077922074 0.016145833333333335 0.045454545454545456
29 0.8565104166666666 0.3701298701298701 0.0203125 0.16883116883116883
0 0.8763020833333334 0.3701298701298701 0.018229166666666668 0.16883116883116883
0 0.8942708333333333 0.375 0.01875 0.1590909090909091
1 0.9125 0.36525974025974023 0.013541666666666667 0.1590909090909091
4 0.93125 0.375 0.016666666666666666 0.16558441558441558
12 0.9528645833333333 0.3685064935064935 0.0234375 0.17207792207792208
