27 0.037611278283070766 0.43827989026929015 0.026264223232808196 0.20204365150632225
30 0.06367683488843068 0.43491420857434093 0.023270336443528012 0.18305422360029477
36 0.08006684750216009 0.7733834188573705 0.02055036167098685 0.04999264416635382
36 0.0815885520433571 0.5376658869883366 0.021510437420047546 0.030170483654092636
24 0.10195183484986067 0.6809320871750434 0.024737003033054674 0.1776706259629901
24 0.10240754961711876 0.43457529244329013 0.025565099234237533 0.17237639133819319
8 0.125573577306772 0.6759605011173921 0.019897154613543966 0.18772745384768766
8 0.12553972210243627 0.4323204653232927 0.017746110871539218 0.17431835000142418
1 0.14349682920494108 0.6781933551263118 0.013035325076548813 0.16928993605907544
1 0.14370117836043153 0.4339966033040757 0.013444023387529714 0.1776706259629901
8 0.16359441064010533 0.6840598380590521 0.019897154613543966 0.18102290192455597
8 0.16349492486703762 0.43144887357328565 0.01969818306740854 0.17257516650140997
36 0.18380040817880947 0.7732066692355574 0.0228924830242856 0.03318753201950192
36 0.18284050490893985 0.5345665500466766 0.020972676484546357 0.03687503557722435
4 0.200136077306772 0.6786936319361913 0.019897154613543966 0.17319371548528592
1 0.20046542311669202 0.4319533739614456 0.013430846233384038 0.16422932856805245
3 0.22046807051669526 0.674427505320168 0.018102807700057164 0.18466146225323948
2 0.2199855630798397 0.43311335899152764 0.020096126159679418 0.16590413733789397
36 0.23965300490893984 0.7746994264269085 0.020972676484546357 0.026818207692526817
36 0.23979878283051795 0.531839833445222 0.02126423232770257 0.037873215277540756
29 0.25789909917777437 0.6712830817625535 0.022048198355548734 0.18772745384768766
29 0.2577120771215381 0.427525243585767 0.020549154243076163 0.17408274523605002
0 0.27868164970460413 0.6743824187042134 0.018821632742541596 0.18102290192455597
0 0.27866472210243626 0.43387013379412276 0.017746110871539218 0.17096607403985847
0 0.29749545188615545 0.6757472880633593 0.016865903772310883 0.17084941483639596
0 0.297666674968019 0.4307707968524628 0.01720834993603804 0.1776706259629901
9 0.3164336025701869 0.6741578936266563 0.01828387180704042 0.1776706259629901
8 0.3166686278336018 0.4306443273425099 0.01667058900053686 0.17096607403985847
7 0.3358144611669351 0.6695785298394218 0.01667058900053686 0.17431835000142418
3 0.3351061278336018 0.42893336854909914 0.01667058900053686 0.17431835000142418
12 0.35693295438211003 0.6680572753109406 0.02419924209755347 0.18772745384768766
12 0.3576810015165274 0.430742382910114 0.024737003033054674 0.16761379807829255
36 0.37780860257018684 0.5264387991626679 0.01828387180704042 0.033522759615658496
36 0.37819515433541967 0.7717193198014618 0.01984864200417266 0.040212833151310856
24 0.39940626245202854 0.4256727412848586 0.025812524904057044 0.18102290192455597
24 0.4016689962197836 0.6709297512460735 0.025296325772900474 0.174117567008276
8 0.42274219683902137 0.4257707968524628 0.019359393678042788 0.1776706259629901
8 0.42432162444118926 0.6709320871750434 0.020434915549045155 0.1776706259629901
1 0.44212175075826365 0.4290946588716798 0.012368501516527337 0.17431835000142418
1 0.4431634174249303 0.6756791481551374 0.012368501516527337 0.16426152211672657
8 0.46070443590352017 0.4290946588716798 0.01828387180704042 0.17431835000142418
8 0.46282162444118924 0.6727062807234305 0.020434915549045155 0.1776706259629901
36 0.47947136350568803 0.524762661181885 0.019359393678042788 0.030170483654092636
36 0.482739890073725 0.7721079760548056 0.017729780147449924 0.03453853275477256
2 0.49814584163468567 0.42403142411670347 0.01720834993603804 0.17096607403985847
5 0.49991592541215235 0.6662978693227363 0.01974851749097144 0.1709828354196662
3 0.5182649830379376 0.42099532193001993 0.018821632742541596 0.18102290192455597
4 0.5193730554357696 0.6657772037227417 0.017746110871539218 0.1609092461551608
36 0.5360319106401054 0.524889130691838 0.019897154613543966 0.03687503557722435
36 0.5382393980129366 0.7690848599112378 0.020145462692539962 0.03139552627408828
29 0.5555546968390214 0.4195437090267941 0.019359393678042788 0.18102290192455597
25 0.5582556604740783 0.6671430209500196 0.01955298761482321 0.17944733222262
0 0.575581388769103 0.4242211283816328 0.017746110871539218 0.18102290192455597
0 0.5789921968390214 0.6662546678202047 0.019359393678042788 0.1776706259629901
0 0.595331388769103 0.4257707968524628 0.017746110871539218 0.1776706259629901
4 0.5979433668981006 0.6679023918586389 0.015595067129534469 0.17096607403985847
5 0.6137955806991845 0.424319183949237 0.016132828065035656 0.1776706259629901
8 0.6172819106401053 0.6661566122526006 0.019897154613543966 0.18102290192455597
3 0.6329238382422732 0.42599532193001993 0.020972676484546357 0.18102290192455597
5 0.6362330806991845 0.6629308058009876 0.016132828065035656 0.18102290192455597
12 0.6555638129788584 0.424319183949237 0.02258595929104991 0.1776706259629901
12 0.659285168183194 0.6629308058009876 0.024737003033054674 0.18102290192455597
36 0.6754318898515682 0.5028671607570604 0.014405446369803067 0.03799238603024981
24 0.696222668183194 0.41128948863283243 0.024737003033054674 0.17096607403985847
8 0.7198613382422732 0.41128948863283243 0.020972676484546357 0.17096607403985847
1 0.7392825588281822 0.41141595814278537 0.013981784323030906 0.1776706259629901
8 0.7578652439734387 0.4079372126712665 0.019897154613543966 0.16426152211672657
36 0.7739602945002684 0.5039846235113306 0.01667058900053686 0.0402273115387902
3 0.7948444106401054 0.4161914330652282 0.019897154613543966 0.17431835000142418
3 0.8154505301723547 0.4080636821812196 0.019359393678042788 0.17096607403985847
36 0.8329394611669351 0.5041110930212835 0.01667058900053686 0.046931863461921915
29 0.8517155049089399 0.4065140137103895 0.020972676484546357 0.17431835000142418
0 0.8719941497046042 0.4047398201620024 0.018821632742541596 0.17431835000142418
0 0.8914921968390214 0.4079372126712665 0.019359393678042788 0.16426152211672657
1 0.9101575588281822 0.4032597933164278 0.013981784323030906 0.16426152211672657
4 0.9289583416346857 0.4080636821812196 0.01720834993603804 0.17096607403985847
12 0.9517246210487768 0.4017385387879467 0.02419924209755347 0.1776706259629901
