27 0.06688540656640046 0.39461606113849174 0.025437479799467574 0.1956837351802093
30 0.0909564171875 0.39364602759740264 0.022537834375 0.17729205519480523
36 0.10903125000000001 0.7277482195224131 0.021354166666666667 0.05194805194805195
36 0.11033333333333334 0.4905781315458735 0.020833333333333332 0.02922077922077922
24 0.13016666666666668 0.6379744449099288 0.023958333333333335 0.17207792207792208
24 0.1305260147226302 0.3949267824085829 0.02476036277859375 0.16695033901071427
8 0.15234375 0.6296187683284458 0.019270833333333334 0.18181818181818182
8 0.15330208333333334 0.3973188102220361 0.0171875 0.16883116883116883
1 0.17085416666666667 0.6371418098031001 0.012625 0.16396103896103897
1 0.17201041666666667 0.4003937997486384 0.013020833333333334 0.17207792207792208
8 0.18928125 0.6428236279849183 0.019270833333333334 0.17532467532467533
8 0.18970572916666667 0.39970046082949306 0.019078125 0.16714285714285715
36 0.2079609375 0.7257488479262673 0.022171875 0.03214285714285714
36 0.20803125 0.4902764976958525 0.0203125 0.03571428571428571
4 0.22586197916666667 0.6354210305823209 0.016307291666666668 0.17051948051948052
1 0.22621236881770834 0.39243309027073736 0.013008070968749999 0.15905972892857143
2 0.24506510416666666 0.39646994134897356 0.019463541666666667 0.16068181818181818
3 0.24518315104166666 0.6363598345203184 0.017532968750000003 0.1788487012987013
36 0.2632395833333333 0.7291160452450776 0.0203125 0.025974025974025976
36 0.26385993913407346 0.49253407077802536 0.02059487826814687 0.036681044781857144
29 0.28051041666666665 0.62816715542522 0.021354166666666667 0.18181818181818182
29 0.2822636546814268 0.3925272966599036 0.019902309362853525 0.16860298041658134
0 0.30173958333333334 0.39569543359865944 0.0171875 0.16558441558441558
0 0.3013020833333333 0.6328236279849183 0.018229166666666668 0.17532467532467533
0 0.31975 0.3892647674905739 0.015327229897291668 0.18085562550422082
0 0.32014666666666663 0.6343486175115207 0.016829966835 0.17048537832857144
8 0.33819791666666665 0.39569543359865944 0.016145833333333335 0.16558441558441558
9 0.3380208333333333 0.6362002513615417 0.017708333333333333 0.17207792207792208
3 0.35742708333333334 0.3973188102220361 0.016145833333333335 0.16883116883116883
7 0.35703124999999997 0.629576874738165 0.016145833333333335 0.16883116883116883
12 0.3790833333333333 0.39898408043569333 0.020833333333333332 0.18506493506493507
12 0.37838651041666665 0.6311874214495182 0.0223146875 0.16560064935064936
36 0.3984375 0.48720150816925006 0.017708333333333333 0.032467532467532464
36 0.3995208333333333 0.724329702555509 0.020833333333333332 0.04220779220779221
24 0.4187916666666667 0.3973397570171764 0.025 0.17532467532467533
24 0.420625024875 0.624479643358295 0.024500049750000003 0.16863670607142855
8 0.44170833333333337 0.39894218684541266 0.01875 0.17207792207792208
8 0.44327083333333334 0.6279744449099288 0.019791666666666666 0.17207792207792208
1 0.45967708333333335 0.4037704231252618 0.011979166666666667 0.16883116883116883
1 0.46171875 0.6279325513196481 0.011979166666666667 0.1590909090909091
8 0.4786458333333333 0.3940930037704231 0.017708333333333333 0.16883116883116883
8 0.48072916666666665 0.6312002513615417 0.019791666666666666 0.17207792207792208
36 0.496875 0.4888039379974864 0.01875 0.02922077922077922
36 0.4986900083333333 0.7167256655844155 0.017171683333333333 0.033451331168831165
2 0.5145833333333333 0.39569543359865944 0.016666666666666666 0.16558441558441558
5 0.5168551041666667 0.6247358085462925 0.019126874999999998 0.16560064935064936
3 0.5335937500000001 0.3973397570171764 0.018229166666666668 0.17532467532467533
4 0.5356770833333333 0.6263091746962715 0.0171875 0.15584415584415584
36 0.55390625 0.4855990783410138 0.019270833333333334 0.03571428571428571
36 0.55350566259375 0.7248810493710726 0.019511325187499998 0.03040726003246753
29 0.5708333333333333 0.38766233766233765 0.01875 0.17532467532467533
25 0.5730104166666667 0.6223832216170926 0.0189375 0.1737987012987013
0 0.5908854166666666 0.3941139505655635 0.0171875 0.17532467532467533
0 0.5942708333333333 0.6279744449099288 0.01875 0.17207792207792208
0 0.6091145833333332 0.39571638039379975 0.0171875 0.17207792207792208
4 0.6122395833333334 0.6247276916631755 0.015104166666666667 0.16558441558441558
5 0.6276041666666666 0.39249057394218684 0.015625 0.17207792207792208
8 0.6309895833333333 0.6231462086300796 0.019270833333333334 0.17532467532467533
3 0.6466145833333333 0.3941139505655635 0.0203125 0.17532467532467533
5 0.6494791666666667 0.6199204021784667 0.015625 0.17532467532467533
12 0.6677083333333333 0.39249057394218684 0.021875 0.17207792207792208
12 0.6713541666666667 0.6199204021784667 0.023958333333333335 0.17532467532467533
36 0.6867051630208334 0.4796885547235023 0.013951992708333336 0.03679646428571428
24 0.7057291666666666 0.3795664013405949 0.023958333333333335 0.16558441558441558
8 0.7294270833333333 0.3860180142438207 0.0203125 0.16558441558441558
1 0.746875 0.3828131545873481 0.013541666666666667 0.17207792207792208
8 0.7674479166666667 0.38599706744868034 0.019270833333333334 0.1590909090909091
36 0.78359375 0.47754503560955175 0.016145833333333335 0.03896103896103896
3 0.8033854166666666 0.38441558441558443 0.019270833333333334 0.16883116883116883
3 0.821875 0.3827922077922078 0.01875 0.16558441558441558
36 0.8409687499999999 0.48079178885630497 0.014311422407916673 0.04029022144164223
29 0.8580729166666666 0.38118977796397147 0.0203125 0.16883116883116883
0 0.8778645833333334 0.38118977796397147 0.018229166666666668 0.16883116883116883
0 0.8968333333333334 0.38599706744868034 0.01875 0.1590909090909091
1 0.9153125 0.39244868035190617 0.013541666666666667 0.1590909090909091
4 0.9335416666666666 0.39246962714704653 0.016666666666666666 0.16558441558441558
12 0.95515625 0.38749057394218683 0.0234375 0.17207792207792208
